351,782,357,787,361,793,362,799,362,814,361,821,360,823,360,824,355,830,349,833,343,834,327,834,321,835,270,835,263,834,229,834,223,835,210,835,202,834,195,828,192,824,189,814,189,799,191,792,195,786,201,783,202,783,204,782,210,780,244,780,251,782,277,782,283,780,343,780,0.8912027935717213
472,706,474,706,495,709,500,711,505,716,508,721,509,733,508,738,505,744,499,747,495,748,95,745,90,744,85,741,81,737,78,731,78,724,79,718,82,713,85,710,92,706,100,703,0.8756041204427482
951,695,957,695,979,700,986,704,990,707,993,710,998,717,1001,726,1001,731,998,754,995,762,990,769,988,772,980,776,971,779,966,779,828,765,720,764,668,768,663,769,653,771,649,771,637,775,630,776,588,780,580,780,571,776,563,771,559,765,556,758,555,751,553,727,553,718,558,711,563,704,569,702,577,699,587,697,647,696,681,690,684,690,728,687,810,686,813,686,0.857200131755133
144,582,156,582,161,580,169,580,175,582,264,582,267,583,270,582,273,583,276,582,283,582,295,585,302,592,304,594,305,600,305,610,304,616,298,621,292,624,288,625,135,625,129,624,114,624,110,625,100,625,94,624,91,623,85,618,81,606,81,599,84,590,88,585,92,580,100,579,120,579,126,580,139,580,0.8914439146073797
450,542,446,548,443,551,437,555,431,556,428,556,427,558,412,561,411,561,404,562,398,562,390,564,387,564,380,565,379,565,371,566,367,566,360,568,357,568,349,566,343,562,340,559,336,554,335,547,335,538,333,534,336,520,340,514,342,513,348,509,354,507,361,506,362,506,370,504,373,504,380,503,383,503,390,502,392,502,399,500,401,500,406,499,414,497,415,497,423,496,428,496,436,497,442,502,445,504,449,510,449,513,450,514,452,521,452,535,0.8606259604955367
235,537,197,537,191,535,98,535,95,534,94,534,88,533,84,528,82,525,81,520,81,514,82,509,84,506,87,503,92,500,160,500,163,502,225,502,230,503,274,503,280,504,285,504,291,506,293,507,298,510,299,517,299,525,298,531,296,534,293,538,286,540,274,540,269,538,241,538,0.8944088091683942
800,533,797,530,792,521,792,514,794,509,795,506,797,504,797,503,798,502,804,499,879,499,885,500,888,502,889,503,889,504,891,506,894,511,894,520,892,524,891,530,886,534,880,535,806,535,0.8428450865255298
728,492,738,492,744,493,750,496,753,502,754,509,754,518,753,524,750,528,742,535,738,535,737,537,713,537,712,535,628,534,621,533,572,533,566,531,521,531,519,533,503,533,495,531,490,528,486,523,484,516,484,504,486,499,489,494,496,487,591,487,597,489,710,490,726,490,0.8938414383837139
949,525,944,527,935,527,927,525,923,523,920,520,916,514,916,507,914,500,916,494,916,493,917,486,920,482,923,479,929,476,935,475,948,475,955,476,971,476,979,478,1015,478,1023,479,1027,482,1029,483,1032,489,1033,494,1033,509,1030,517,1027,521,1023,525,1014,528,974,528,967,527,954,527,0.8767673167420192
913,431,916,430,917,430,920,431,922,431,926,432,930,437,933,441,932,445,932,448,929,455,924,459,920,461,914,461,910,462,860,462,853,459,851,458,848,451,847,449,848,444,850,441,851,435,854,432,858,430,861,431,864,430,886,430,892,431,902,431,904,430,910,430,0.8418713165378804
348,432,349,428,351,427,351,425,352,424,358,421,361,421,364,420,402,420,405,418,434,418,437,417,477,417,483,418,487,420,489,421,492,423,492,424,495,430,495,442,493,448,490,454,489,454,483,456,481,456,478,458,440,458,437,459,408,459,405,461,362,461,357,459,352,458,349,455,346,449,346,438,0.8828332739428055
183,417,185,418,186,418,188,420,189,420,195,424,198,430,198,431,200,435,200,442,198,448,197,451,194,455,192,456,186,459,182,461,103,461,97,459,92,456,91,455,88,449,87,445,87,442,85,440,85,431,87,425,90,421,91,420,100,416,104,414,110,414,116,416,178,416,0.8703394806782404
709,413,750,413,756,414,779,414,785,416,801,416,807,417,809,418,810,418,816,423,819,428,819,430,820,431,822,437,822,438,820,442,820,447,819,452,814,458,809,461,807,462,801,463,789,463,784,462,732,462,726,461,678,461,672,459,671,459,665,458,654,448,653,442,653,425,656,420,660,414,665,413,666,411,672,410,676,410,682,411,706,411,0.9122088523702576
311,448,311,454,308,462,304,468,295,471,279,471,273,469,271,469,269,468,264,465,263,463,260,458,258,454,258,427,260,421,263,417,266,414,271,411,276,410,282,409,295,409,299,411,302,411,307,414,308,416,311,421,313,425,313,445,0.8429365052812708
594,406,596,406,600,407,606,411,609,417,610,423,610,444,609,451,605,459,603,461,600,462,593,465,587,466,580,465,571,465,563,463,539,463,531,462,525,459,524,458,521,451,519,445,519,425,521,418,524,413,525,411,525,410,527,409,534,406,536,406,539,404,544,403,553,403,561,404,587,404,0.896631236416269
990,335,998,340,999,341,1004,347,1004,348,1005,349,1007,358,1007,363,1008,368,1008,369,1010,378,1010,379,1008,386,1007,387,1007,389,1002,396,1001,397,995,401,986,403,976,403,967,404,929,404,922,403,920,401,911,399,907,392,905,383,905,376,904,369,904,358,905,351,910,344,911,341,913,340,919,335,927,334,983,334,0.8916284374931315
864,369,748,369,742,368,738,363,735,359,734,355,734,344,735,338,740,334,744,331,748,330,853,330,858,328,860,330,863,328,864,328,870,330,872,331,873,331,878,335,880,342,882,347,882,351,880,355,879,361,875,365,869,368,0.9067101611645981
694,368,690,372,682,375,668,375,662,373,644,373,643,372,638,373,635,372,596,372,590,371,571,371,565,369,561,366,559,365,556,359,555,355,555,341,559,332,563,328,569,325,574,324,581,324,587,325,594,325,600,327,615,327,621,328,640,328,646,330,681,330,687,331,693,335,693,337,696,342,697,347,697,362,0.8769099649034242
474,358,465,361,409,361,404,359,395,354,392,345,392,341,390,338,390,330,392,324,395,320,396,318,402,316,406,314,445,314,450,316,464,316,470,317,471,318,472,318,478,323,480,328,480,330,481,334,481,344,478,352,0.7880847730843917
269,306,270,306,274,307,276,309,279,309,293,311,295,311,299,313,307,314,310,314,318,316,333,318,335,318,339,320,348,325,351,328,355,335,358,345,358,359,357,365,357,366,355,375,352,379,352,380,348,387,345,389,343,390,336,394,326,397,315,397,307,396,305,396,296,394,289,393,288,392,285,392,267,389,261,389,252,387,245,386,236,385,235,385,230,383,222,378,219,376,214,369,211,362,208,356,208,352,210,344,210,338,211,330,213,323,219,314,222,311,229,307,230,307,232,306,239,303,244,301,261,304,0.8304742615754372
167,325,166,330,166,334,164,340,160,345,158,345,156,349,147,352,141,352,135,351,134,351,131,349,123,349,117,347,114,347,109,344,107,342,106,342,97,337,94,334,91,328,90,324,90,317,88,313,90,310,91,304,94,300,97,297,103,294,109,293,112,293,114,294,116,294,122,296,126,296,132,297,135,297,141,299,144,299,150,300,151,300,154,301,158,304,160,306,160,307,161,309,164,314,167,323,0.7620498617347197
990,247,992,245,993,245,1001,248,1004,249,1005,251,1008,258,1008,263,1007,266,1005,272,1001,275,993,278,986,278,982,276,948,276,944,275,911,275,904,272,901,269,898,262,898,259,901,252,902,248,904,247,911,244,932,244,935,245,988,245,0.8652179459693716
867,266,863,270,858,273,855,275,850,276,835,276,831,278,819,278,814,279,801,279,797,280,795,280,789,279,784,273,781,269,779,265,779,251,784,244,785,242,789,239,791,239,792,238,798,237,811,237,816,235,831,235,835,234,847,234,853,232,855,234,861,235,866,239,869,245,869,261,0.8716335827750818
735,242,740,244,748,252,748,268,745,276,741,280,735,283,729,283,728,282,719,282,713,280,701,280,696,279,690,279,684,278,679,278,674,276,671,276,665,275,654,275,649,273,641,273,635,272,631,270,627,266,624,259,624,248,625,242,635,232,649,232,654,234,662,234,668,235,675,235,681,237,688,237,694,238,703,238,709,239,713,239,719,241,729,241,0.8856499227419176
524,230,558,230,563,231,574,241,574,254,572,259,566,265,561,268,555,269,508,269,506,270,383,270,377,269,368,261,368,245,370,239,374,234,379,231,384,230,390,231,522,231,0.8774858409728643
335,261,329,266,324,269,320,270,301,270,289,268,285,266,279,265,276,265,270,263,266,262,260,256,257,252,257,245,260,239,261,238,261,237,266,232,273,230,274,230,279,228,282,228,286,227,291,227,295,225,301,225,305,224,320,224,326,225,327,227,329,227,333,231,336,238,336,255,0.7099223825193587
158,214,166,216,170,216,178,217,179,217,186,218,188,218,195,220,200,220,207,221,208,221,216,223,223,223,230,224,244,224,251,225,254,227,260,231,264,237,267,245,267,251,266,258,261,263,258,265,255,268,248,270,236,273,226,273,220,275,211,275,205,276,198,276,191,275,186,275,179,273,178,273,170,272,166,272,158,270,154,270,147,269,144,269,122,265,119,265,112,263,110,263,103,262,100,261,94,256,91,252,90,249,88,242,88,230,91,216,94,210,97,207,104,204,110,203,117,204,119,206,126,207,129,208,134,210,135,210,157,214,0.814597934148959
301,196,299,196,292,197,291,197,276,194,270,190,264,185,260,182,251,170,249,163,251,156,255,151,258,149,260,147,261,145,269,141,270,141,273,138,276,138,277,137,285,135,307,135,314,137,365,137,373,138,374,139,376,139,382,144,386,149,387,156,387,158,389,165,387,169,387,173,386,180,384,182,384,183,380,189,379,190,373,194,367,196,360,197,308,197,0.8436697901815517
787,175,754,175,750,173,745,175,742,175,731,172,726,168,723,161,723,152,722,148,726,142,729,139,734,137,738,135,836,135,838,137,844,138,848,142,850,145,853,149,854,154,854,161,853,166,847,172,842,175,838,176,792,176,0.8475942108407617
439,180,426,180,420,179,414,175,412,170,411,168,409,162,411,161,409,156,411,154,411,149,412,144,418,138,423,135,430,132,445,132,450,134,511,134,517,135,521,138,524,141,527,147,528,151,528,163,527,169,522,175,518,176,515,178,509,179,506,178,502,178,497,179,443,179,0.877192315608263
687,131,693,135,696,139,698,148,698,152,700,154,700,159,698,165,693,170,687,175,615,175,613,176,583,176,577,175,568,169,565,163,563,162,563,148,565,142,568,138,569,137,571,134,577,131,580,131,581,130,600,130,603,131,605,130,681,130,0.8948177637755556
1029,128,1033,128,1040,130,1046,132,1051,139,1052,144,1054,151,1054,163,1052,170,1049,176,1046,179,1040,182,1033,183,1011,183,1004,182,973,182,966,180,941,180,933,179,927,179,920,178,908,178,901,176,900,175,897,175,891,172,886,165,886,145,888,138,889,137,889,134,892,128,894,127,900,124,907,123,923,123,930,124,939,124,946,125,958,125,966,127,1021,127,0.8955178861653128
258,179,252,183,249,185,242,186,210,186,207,185,201,185,198,183,189,183,186,182,170,182,167,180,145,180,142,179,135,179,132,178,123,178,120,176,112,176,109,175,107,175,100,170,97,168,94,161,94,159,92,156,91,149,91,127,95,121,100,117,107,114,112,113,113,113,120,111,151,111,154,113,161,113,164,114,169,114,172,116,176,116,179,117,188,117,191,118,195,118,198,120,204,120,207,121,213,121,216,123,220,123,225,125,226,125,229,127,230,127,236,131,241,137,241,138,242,142,249,144,252,145,258,149,263,156,263,173,0.815545785088144
