34,1093,25,1093,23,1094,18,1094,17,1095,10,1095,6,1094,4,1091,3,1088,2,1086,2,1080,3,1077,4,1076,5,1075,8,1073,10,1072,11,1072,13,1071,36,1071,40,1070,69,1070,72,1071,72,1072,74,1072,76,1075,77,1078,77,1080,78,1081,78,1082,77,1085,76,1086,73,1089,70,1090,69,1091,57,1091,55,1092,36,1092,0.8437680493123502
71,1082,72,1078,72,1077,73,1074,76,1071,79,1070,83,1069,115,1068,117,1067,136,1067,138,1066,148,1066,149,1065,171,1065,172,1064,181,1064,183,1063,193,1063,197,1064,200,1066,203,1068,204,1072,204,1077,203,1080,202,1082,200,1083,197,1085,195,1085,171,1086,169,1087,154,1087,152,1088,136,1088,134,1089,113,1089,111,1090,96,1090,94,1090,82,1090,78,1090,76,1089,72,1084,0.8736473108810807
331,1063,333,1065,334,1068,334,1071,332,1076,331,1077,329,1078,324,1080,322,1080,319,1081,290,1081,287,1080,269,1080,266,1079,265,1079,262,1077,260,1077,258,1077,255,1074,254,1071,254,1070,255,1068,258,1065,259,1065,259,1064,264,1063,266,1063,268,1062,313,1062,315,1061,316,1061,317,1062,318,1061,324,1061,325,1062,328,1062,0.7234513507293054
38,1040,47,1040,48,1039,51,1039,52,1040,81,1040,84,1041,86,1043,88,1045,89,1047,89,1050,87,1053,85,1055,82,1057,56,1057,55,1056,17,1056,15,1057,12,1057,11,1056,10,1056,7,1055,5,1052,4,1050,4,1050,4,1048,4,1045,4,1044,5,1042,8,1040,10,1039,22,1039,23,1040,24,1039,26,1039,27,1040,28,1039,29,1039,30,1040,31,1039,37,1039,0.8242264690321666
438,1066,437,1067,433,1068,423,1068,419,1067,414,1066,412,1065,392,1065,388,1064,340,1064,336,1063,333,1062,330,1059,327,1057,325,1052,324,1047,325,1042,326,1039,328,1036,331,1032,334,1031,336,1030,340,1030,343,1029,347,1028,352,1029,367,1029,371,1030,406,1029,411,1030,422,1030,426,1029,438,1029,442,1028,445,1029,447,1028,449,1028,452,1029,454,1028,458,1029,462,1031,463,1034,467,1040,469,1043,468,1048,469,1050,468,1055,466,1058,462,1062,457,1064,448,1066,0.8062084836752287
316,1032,321,1034,324,1037,325,1040,325,1046,324,1050,324,1051,321,1054,317,1056,315,1056,292,1052,253,1052,230,1054,198,1052,179,1054,120,1053,105,1055,101,1054,98,1052,96,1050,95,1047,94,1042,94,1038,97,1036,100,1034,115,1032,116,1032,171,1034,185,1032,292,1030,294,1030,0.8599520020615317
36,1030,31,1030,29,1031,21,1031,19,1030,18,1031,16,1031,15,1030,10,1030,8,1030,7,1030,4,1028,3,1027,1,1023,1,1020,2,1017,4,1015,6,1015,8,1014,26,1014,28,1013,29,1013,30,1014,31,1013,48,1013,49,1012,62,1012,63,1011,65,1011,66,1012,67,1011,69,1011,71,1012,74,1015,74,1017,75,1018,75,1021,74,1023,72,1026,69,1029,60,1029,58,1030,38,1030,0.7994552391375498
110,1023,102,1023,98,1023,93,1023,89,1023,86,1020,86,1019,85,1016,85,1012,86,1010,88,1007,92,1006,94,1006,98,1005,120,1005,124,1004,129,1004,133,1003,135,1003,138,1004,142,1005,142,1006,143,1010,143,1015,142,1019,142,1020,140,1021,139,1021,134,1022,114,1022,0.8420895526892153
214,1009,214,1010,212,1015,211,1016,211,1017,210,1017,206,1019,185,1019,182,1020,160,1020,157,1019,155,1017,154,1014,153,1012,153,1010,155,1005,156,1004,156,1003,156,1003,161,1001,202,1001,204,1000,205,1000,207,1001,209,1002,212,1004,0.8460436642425766
336,1018,335,1018,332,1019,328,1019,325,1018,321,1017,320,1016,319,1014,318,1013,316,1009,316,1006,317,1003,318,1002,319,1000,320,999,322,998,326,997,329,997,331,996,343,996,347,997,349,998,351,1000,353,1003,353,1006,352,1007,351,1009,350,1012,348,1014,347,1014,345,1016,343,1017,338,1017,0.7462543803453446
429,981,425,983,394,983,393,983,355,983,354,984,345,984,342,983,341,983,336,981,334,977,334,976,333,975,333,967,334,963,336,961,338,959,341,957,362,957,363,956,385,956,386,955,422,955,425,956,429,957,431,961,431,962,432,963,432,964,433,965,433,972,431,977,0.8766941252995182
527,983,524,984,523,984,519,983,515,983,513,980,510,977,510,970,509,968,509,965,510,961,510,960,511,958,513,955,517,953,535,953,540,952,569,952,573,953,592,953,597,954,600,957,602,960,602,961,603,964,603,972,602,977,600,979,600,980,596,982,589,983,0.8624853970634967
319,940,324,941,327,943,329,947,329,950,328,957,327,962,324,964,320,966,316,967,312,967,309,966,308,967,303,967,303,969,302,973,301,976,298,978,294,981,290,981,279,980,276,980,269,977,251,978,248,978,241,982,237,983,214,984,88,985,84,985,80,983,78,981,76,977,76,966,76,962,78,959,81,957,83,957,87,956,183,956,241,954,246,955,250,949,253,946,255,944,259,943,261,943,283,939,285,939,0.8036428964491195
101,934,98,935,97,936,79,936,77,937,55,937,54,937,50,937,47,938,33,938,31,937,28,937,25,937,21,933,19,930,19,927,21,924,24,922,26,920,27,920,28,919,31,919,32,918,49,918,50,917,66,917,67,917,76,917,77,916,89,916,90,915,95,915,98,916,101,917,103,918,103,920,105,923,105,927,103,932,0.8025304172309468
230,914,233,915,235,917,236,921,236,923,236,924,235,927,233,930,229,931,223,931,221,932,198,932,196,933,193,932,192,933,180,933,178,934,143,934,141,935,121,935,118,934,116,931,114,928,113,925,113,923,114,919,116,917,119,916,122,915,124,915,126,916,127,915,129,916,174,916,176,915,188,915,189,914,192,915,193,914,205,914,206,913,209,914,211,913,227,913,0.8248416343189421
417,926,412,928,410,928,408,929,402,929,400,928,395,928,392,929,362,929,360,930,313,930,309,929,308,926,307,924,306,922,306,916,308,913,312,911,313,911,315,910,360,910,361,910,364,910,366,910,410,910,413,910,416,912,418,915,418,917,418,923,0.8284036080560129
285,910,286,911,287,912,288,915,289,917,289,921,290,922,290,923,289,926,287,927,286,929,283,930,280,932,274,932,271,931,263,931,261,932,257,932,253,931,249,927,248,923,247,922,247,916,249,913,251,911,253,910,255,909,257,909,258,908,259,908,263,909,281,909,0.8085001103878021
28,913,15,913,11,912,9,910,7,909,5,905,4,903,4,897,5,893,7,890,8,890,13,887,16,886,24,886,27,885,52,885,55,884,70,884,73,883,84,883,87,884,88,885,89,885,92,888,94,893,94,896,95,898,95,900,94,903,92,906,90,909,86,910,84,911,47,911,45,912,31,912,0.8403228975434798
146,906,137,906,134,907,126,907,123,908,119,908,116,909,113,909,111,910,104,910,100,909,98,907,97,906,94,904,93,902,92,900,91,897,91,897,92,893,93,891,93,890,96,887,98,887,98,885,102,883,107,882,111,882,113,881,118,881,120,880,125,880,127,879,131,879,134,878,140,878,142,877,147,877,149,877,157,877,161,877,164,880,165,883,166,884,167,887,167,894,166,897,164,901,162,903,159,903,157,904,154,905,149,905,0.8307277395537025
322,898,317,903,314,905,312,905,311,906,309,906,307,907,303,907,302,906,294,906,290,905,287,905,284,904,282,904,279,903,273,903,270,903,265,903,262,902,258,899,258,897,257,897,254,894,254,890,253,890,253,886,254,883,257,880,258,878,259,877,263,875,265,875,266,874,299,874,302,875,310,875,314,876,316,877,320,881,323,884,323,895,0.7411450841655469
379,901,365,901,362,900,360,900,356,899,353,898,350,897,349,891,349,886,350,883,352,879,355,877,360,876,361,875,418,875,420,874,435,874,437,873,440,873,444,874,447,875,447,876,449,877,449,877,451,881,451,889,450,891,449,895,447,898,442,899,425,899,423,900,381,900,0.7496652320527907
569,874,585,874,587,876,589,876,591,877,591,878,592,881,592,886,592,887,591,890,589,892,587,892,585,894,582,894,580,893,563,893,562,892,560,893,559,893,556,892,531,892,528,893,523,893,520,892,518,890,517,888,515,884,515,879,517,875,518,874,522,872,534,872,536,873,567,873,0.7952270114611338
27,883,24,885,20,885,18,884,17,883,15,883,13,880,12,879,11,877,12,871,15,870,16,869,19,867,40,867,41,866,44,867,46,866,52,866,55,867,58,867,60,868,62,869,64,871,65,874,64,875,63,877,61,879,52,883,0.7580280981705021
92,881,90,881,87,882,71,882,69,881,62,878,61,877,59,877,57,875,57,872,58,870,62,869,64,867,69,867,72,866,90,866,92,865,105,865,107,864,113,864,116,863,117,863,120,864,123,865,124,866,125,869,125,872,123,875,122,877,121,877,118,878,113,878,110,879,99,879,0.7366097747399334
443,842,498,843,501,843,532,843,535,844,539,846,542,848,542,852,542,857,542,860,541,862,540,863,536,864,498,864,494,863,416,863,412,863,411,862,408,860,407,856,407,853,406,850,407,846,409,843,411,842,413,841,417,840,424,840,427,841,441,841,0.8014611433526234
90,845,105,845,116,843,122,844,137,842,160,842,162,841,181,841,182,842,185,841,186,842,191,844,193,847,193,850,193,851,191,854,188,856,186,857,173,856,171,857,147,857,145,858,131,858,130,857,127,858,127,857,105,862,103,861,93,862,91,861,89,862,87,861,78,861,76,862,20,862,17,863,10,861,7,859,5,856,5,851,6,849,9,847,11,846,13,846,18,845,20,846,55,846,56,845,58,846,59,845,71,845,73,846,77,847,85,847,88,846,0.7794745534934576
334,867,331,868,287,868,284,869,263,869,259,868,256,865,255,863,253,859,252,855,254,848,258,843,262,842,265,841,317,842,320,841,331,841,334,840,370,839,372,838,388,837,391,837,394,837,397,837,401,837,403,839,405,841,407,844,408,847,408,853,407,857,405,859,403,861,400,863,397,863,396,863,393,864,391,863,389,864,368,865,365,866,364,866,0.8307365806024614
258,830,253,825,252,822,252,818,253,815,255,813,258,811,261,811,262,810,280,810,280,811,290,811,291,810,339,810,340,810,365,810,367,810,367,811,370,813,372,816,372,822,371,825,368,828,367,829,337,829,335,830,324,830,323,830,261,830,0.815089302376977
15,823,14,821,14,820,13,818,13,817,15,812,15,811,18,810,20,809,48,809,49,808,53,809,55,808,55,808,57,809,58,808,59,808,61,809,81,809,83,810,84,810,85,810,89,811,91,814,91,817,91,818,91,822,89,823,86,825,83,826,79,826,76,827,62,827,60,828,22,828,17,826,0.7151698604249728
638,805,641,808,643,811,643,819,642,823,640,825,637,827,633,828,403,828,400,827,398,826,396,824,395,821,395,817,396,812,399,810,402,808,405,807,538,807,622,805,631,803,635,803,0.8076765976967389
91,822,91,820,90,819,90,816,91,813,91,812,94,810,96,810,96,810,100,808,102,808,104,807,108,807,110,806,120,806,122,805,128,805,130,804,142,804,144,803,151,803,156,805,156,806,158,810,158,815,157,818,156,819,155,822,150,823,138,823,135,824,122,824,120,825,112,825,109,826,106,826,105,827,101,827,99,826,98,826,93,824,0.8246250967184703
93,788,94,791,94,796,93,799,92,801,91,803,90,806,86,810,83,811,78,812,76,812,75,811,72,812,66,812,62,813,51,813,49,812,47,813,45,812,26,812,22,813,18,813,14,812,11,810,9,807,6,802,5,798,5,793,6,790,9,786,10,785,13,783,17,783,43,783,47,782,56,782,60,781,63,781,67,780,83,780,86,781,90,783,91,784,0.8037513151280716
318,778,326,778,330,779,331,781,331,782,333,784,334,786,334,791,333,794,333,795,331,797,329,799,325,800,305,800,302,799,258,799,256,800,236,800,232,799,231,798,229,797,228,795,227,794,225,791,224,790,224,788,225,784,226,784,226,783,228,781,229,779,231,778,234,777,248,777,251,778,302,778,303,779,305,778,307,779,316,779,0.7895357133054318
570,803,563,803,562,802,559,803,549,803,548,802,547,802,543,801,542,801,539,800,537,799,536,798,534,795,534,792,534,790,534,788,534,784,535,783,539,779,542,777,553,777,555,777,563,777,564,776,566,776,568,775,574,775,578,776,578,776,582,777,585,778,585,783,586,784,586,788,585,790,585,794,584,796,583,797,581,797,580,798,573,802,0.7123955185417595
446,776,466,776,467,775,486,775,487,774,491,774,491,775,496,775,505,773,512,773,514,775,515,776,517,778,517,787,516,790,514,792,512,794,508,795,460,794,459,795,456,794,454,795,438,795,436,796,433,795,432,796,387,796,384,795,383,794,382,795,379,794,368,794,361,797,353,797,350,795,345,790,344,787,342,786,340,783,340,780,341,777,343,774,345,772,349,771,353,771,361,774,363,775,366,777,373,778,374,777,402,777,403,777,444,777,0.746893289786152
477,747,518,747,520,748,570,748,571,749,573,749,576,750,578,754,579,758,579,761,578,763,576,766,571,768,566,768,564,767,561,766,556,766,552,765,476,765,474,766,440,766,437,767,429,767,427,766,425,765,422,763,421,762,420,758,421,753,423,750,425,749,428,748,430,747,433,747,435,748,476,748,0.7800266583066494
364,708,369,709,374,710,378,713,381,719,382,723,382,729,380,738,378,743,375,747,373,749,360,756,354,757,297,764,295,765,198,764,195,763,171,758,165,757,163,755,162,754,160,753,103,752,99,751,94,751,89,750,87,750,82,749,76,746,71,741,69,737,68,731,68,727,69,723,71,720,73,718,77,716,83,715,91,715,96,713,99,711,103,710,120,708,123,708,172,710,178,711,188,717,198,717,203,718,251,720,322,717,358,708,0.819137236850082
446,732,444,732,442,733,435,733,433,734,421,734,419,735,411,735,409,736,407,736,403,737,400,737,396,736,394,734,391,731,390,728,390,727,391,723,391,718,393,716,395,714,400,711,411,711,413,710,424,710,425,711,426,711,428,710,436,710,438,710,441,710,443,710,447,711,448,712,450,714,452,717,452,720,453,723,453,724,452,728,449,730,0.7285220468700125
302,703,296,703,293,702,287,702,284,703,274,703,271,703,267,703,264,703,263,703,261,702,258,699,258,698,256,697,255,695,254,693,253,690,253,688,254,684,255,683,255,682,258,678,259,678,259,677,263,676,265,675,267,675,270,674,272,674,273,675,275,674,276,675,278,674,295,674,299,673,301,674,302,673,307,673,310,674,311,675,312,675,315,677,316,678,316,679,317,680,319,683,320,686,320,690,321,691,319,696,318,697,316,700,316,701,312,703,309,703,306,703,0.7975558187393164
507,676,508,676,510,677,513,679,514,683,514,690,513,693,511,696,508,697,504,699,503,699,499,698,454,698,451,697,448,695,447,692,445,687,445,684,447,680,448,677,451,675,453,674,454,674,456,673,479,673,481,674,504,674,0.8362442976391384
328,701,325,700,323,697,321,694,321,686,322,683,323,680,324,678,326,678,326,677,330,676,358,676,360,675,382,675,384,674,396,674,398,673,402,673,407,675,409,677,411,680,411,690,410,693,409,696,408,697,404,698,387,698,385,699,378,699,376,700,367,700,365,701,351,701,349,702,331,702,0.8412554853799725
628,672,630,674,633,678,635,683,634,686,632,689,629,691,626,692,618,692,616,693,570,693,568,694,561,694,557,693,554,693,552,694,530,694,527,693,525,692,523,690,520,684,520,681,521,677,522,676,525,673,528,671,532,671,534,672,584,672,585,671,624,671,0.7974417490460153
170,669,169,670,168,671,164,673,147,673,146,672,144,673,141,673,140,672,138,673,67,673,65,674,63,674,37,675,33,676,30,675,20,675,18,674,15,672,13,670,12,667,12,663,13,661,14,659,18,656,22,654,31,654,33,653,56,653,58,652,102,652,104,651,118,651,120,650,121,650,156,650,157,649,161,649,163,650,167,652,170,655,171,658,171,665,0.8352164581067205
228,670,223,670,222,671,218,671,214,670,201,670,200,671,191,671,187,670,182,665,182,663,181,663,181,657,182,653,183,652,183,651,185,649,187,648,189,646,204,646,205,645,232,645,233,644,236,644,238,645,241,646,244,649,244,651,246,653,246,662,245,665,240,670,239,670,238,671,229,671,0.8228432714049496
339,662,338,663,338,664,332,667,329,667,327,668,274,668,273,669,269,669,267,668,265,668,262,667,259,664,258,661,258,660,258,658,258,655,259,652,259,651,260,650,261,649,265,647,266,647,269,646,272,647,273,646,302,646,303,645,320,645,322,644,329,644,332,645,334,647,336,647,338,650,338,650,340,654,340,658,0.8034685946328819
412,658,411,660,407,662,391,662,389,663,378,663,376,663,364,663,362,664,354,664,353,665,347,665,345,664,345,664,342,663,339,662,339,657,340,654,342,651,343,651,345,650,350,648,365,648,367,647,377,647,379,646,386,646,388,645,401,645,403,644,405,644,407,645,408,645,411,647,412,648,414,650,414,655,0.752443422788176
517,651,516,656,515,657,513,657,513,657,511,659,470,659,467,660,459,660,454,661,451,661,447,662,443,662,439,663,426,663,422,662,419,659,419,651,421,649,422,649,423,648,432,646,437,646,440,645,449,645,454,644,455,644,460,643,464,643,468,643,477,643,482,642,494,642,498,641,510,641,514,642,517,644,0.7374640517492792
564,662,532,662,528,661,527,660,526,659,520,654,520,647,521,643,522,642,525,639,529,637,530,637,531,637,549,637,550,637,553,637,567,637,568,636,597,636,598,635,613,635,616,636,618,636,622,637,627,639,629,642,630,646,630,649,629,652,627,655,622,657,619,658,615,659,613,659,612,660,597,660,596,661,565,661,0.7455600048707618
399,630,394,634,383,634,382,635,374,635,372,636,366,636,364,637,357,637,355,636,353,635,351,633,350,630,350,629,349,628,349,624,350,621,351,620,351,619,353,617,355,616,357,616,358,615,377,615,378,614,388,614,389,613,391,613,395,614,396,615,396,615,399,617,401,620,401,628,0.7857377957959362
454,632,444,632,441,631,439,630,436,627,436,622,437,619,439,617,441,617,445,615,455,615,456,616,457,615,482,615,483,614,494,614,496,613,501,613,503,614,505,615,508,617,508,623,507,625,505,627,503,629,500,630,491,630,490,630,487,630,485,631,456,631,0.7878908243850681
611,620,610,623,607,626,604,628,602,628,600,629,562,629,560,630,556,630,554,628,551,627,549,624,547,621,547,616,548,612,549,610,549,610,553,608,554,608,556,607,557,607,559,606,577,606,578,605,589,605,591,604,601,604,605,605,607,606,609,608,611,610,612,612,612,617,0.7699170953977462
122,588,148,588,150,589,152,590,155,592,156,594,156,597,156,600,153,603,150,605,148,606,130,606,127,607,111,607,108,608,85,608,83,609,63,609,61,610,55,610,51,608,49,606,47,603,47,600,48,599,48,597,50,593,51,592,55,590,57,590,59,590,92,590,93,589,97,589,98,590,98,589,120,589,0.8540390046907351
163,603,161,600,161,598,162,594,163,591,167,590,168,590,170,589,193,589,193,588,224,588,226,587,243,587,244,586,260,586,262,585,270,585,273,587,275,589,277,592,277,595,275,598,273,600,270,602,262,602,260,603,244,603,242,603,214,603,213,604,192,604,190,605,174,605,172,606,166,606,0.8578195608952677
323,602,305,602,302,603,293,603,289,600,287,597,287,594,287,593,286,592,286,589,287,586,289,585,294,583,294,583,296,583,301,583,302,583,315,583,316,583,329,583,331,582,345,582,347,581,363,581,365,580,374,580,378,582,379,583,381,587,381,592,379,597,378,597,374,599,372,599,369,600,353,600,352,601,325,601,0.8578430916057995
474,596,461,596,456,597,429,597,425,597,394,597,392,597,390,594,389,591,389,587,390,583,391,582,396,581,421,581,425,580,453,580,457,579,471,579,476,578,497,578,501,579,502,580,503,584,503,588,502,592,500,594,497,595,478,595,0.8385019604579823
106,575,92,575,91,576,76,576,74,577,55,577,51,575,50,574,48,571,48,566,50,563,51,562,55,560,76,560,77,559,93,559,95,558,113,558,115,557,131,557,133,557,139,557,140,556,142,556,143,557,147,558,148,559,149,563,149,566,148,570,147,570,143,572,142,572,141,573,126,573,124,574,108,574,0.8392514137357211
187,557,224,557,229,556,229,556,234,557,237,560,238,563,238,566,237,569,236,570,236,571,235,572,230,573,185,573,181,572,166,572,162,571,159,570,158,570,156,564,156,561,157,559,159,557,161,555,169,555,173,556,185,556,0.8614090483786532
505,544,507,546,509,549,510,553,509,557,507,559,504,560,368,570,299,570,259,571,257,571,253,566,252,563,253,561,256,557,258,554,260,554,355,553,378,555,390,551,392,551,425,550,503,543,0.8134208261316654
516,559,513,557,513,554,513,548,514,543,516,542,518,541,519,540,523,538,526,538,527,537,529,537,531,538,533,538,535,539,537,541,538,543,538,544,539,547,539,552,537,557,536,557,536,558,535,559,534,560,529,562,527,562,525,561,521,561,0.7058462142371215
607,561,595,561,592,562,585,562,581,563,563,563,558,563,555,563,554,563,549,562,547,559,544,556,544,555,543,551,543,544,544,540,546,537,548,536,551,534,553,534,554,533,557,532,571,532,575,531,591,531,594,530,608,530,612,530,623,530,628,530,630,532,632,534,634,537,635,541,635,549,634,553,630,557,628,558,624,560,612,560,0.8455700365476734
31,545,26,545,25,546,23,545,22,546,19,548,16,547,13,545,11,542,11,538,12,535,15,533,18,532,18,530,20,530,22,528,26,526,33,526,35,527,47,527,49,526,56,526,58,525,98,525,99,524,124,524,127,525,129,527,131,530,132,533,132,536,131,538,130,540,128,543,125,543,69,544,68,545,65,544,64,545,61,544,59,545,50,545,47,544,33,544,0.7791805365041792
155,543,149,543,148,542,147,542,143,540,142,539,141,536,141,532,142,530,143,528,146,526,149,525,156,525,157,526,158,525,159,525,161,526,162,525,167,525,168,526,169,525,204,525,206,524,219,524,222,526,224,528,226,531,226,534,224,537,222,539,219,541,196,541,194,542,156,542,0.8543283535704175
258,500,258,500,262,499,273,499,276,498,283,498,287,497,295,497,299,497,313,497,316,496,324,496,327,495,337,495,340,496,342,497,343,500,343,503,342,505,340,507,338,508,334,509,323,509,319,510,309,510,306,510,298,510,294,511,287,511,284,512,275,512,272,513,263,513,260,514,258,514,256,513,253,512,251,510,251,507,251,506,251,503,254,501,0.8107308942619651
411,489,411,490,413,494,413,498,411,503,411,503,406,505,401,505,398,506,385,506,382,507,360,507,355,505,354,504,353,500,353,497,354,493,355,492,355,491,356,490,360,489,362,489,364,488,395,488,396,487,406,487,0.8316878198042448
476,491,476,494,475,498,473,500,469,502,466,502,463,503,448,503,446,503,438,503,435,504,431,504,426,503,425,501,423,497,423,493,425,489,427,486,430,485,432,484,454,484,455,483,469,483,472,484,475,487,0.8457028772274073
527,483,527,482,542,482,543,481,554,481,556,480,561,480,563,481,565,482,567,484,568,486,568,490,566,493,565,494,562,496,560,496,558,497,543,497,542,497,532,497,530,498,518,498,516,499,507,499,505,500,498,500,496,499,493,497,491,495,491,493,491,491,491,489,493,486,496,484,498,483,508,483,510,483,522,483,523,482,525,482,0.8215475748535547
13,487,11,485,10,485,7,483,6,479,6,476,7,472,12,467,16,466,18,465,25,465,27,466,38,466,40,467,53,467,55,466,58,466,60,465,66,465,68,464,84,464,87,465,99,465,103,466,105,468,108,470,108,471,110,475,110,477,109,481,108,483,107,483,105,484,104,486,100,487,73,487,71,488,17,488,0.7002723779413964
225,464,227,468,227,474,226,477,225,479,224,480,221,482,178,482,175,481,173,480,171,478,170,475,170,472,169,470,169,468,170,464,171,463,172,461,176,459,178,459,179,458,183,458,186,459,196,459,200,460,216,460,220,461,223,463,0.8549670508896657
163,482,161,483,157,485,155,486,133,486,129,487,122,487,119,486,117,485,112,482,110,477,110,475,109,473,109,470,110,466,112,463,113,462,114,460,120,457,123,457,125,457,143,457,147,458,149,458,152,457,153,458,156,457,161,460,164,463,165,466,166,469,166,474,164,479,0.8126303475688805
303,458,352,457,353,457,364,457,367,458,368,462,369,464,369,468,368,470,367,472,366,475,362,476,336,476,333,477,291,477,288,478,262,478,259,479,238,479,235,478,233,477,231,474,230,470,230,467,231,463,234,462,236,461,238,460,278,460,281,459,302,459,0.858157732641164
403,468,403,469,395,469,393,470,391,470,389,469,386,467,384,464,383,463,383,460,384,457,386,456,389,454,392,453,431,452,433,451,452,451,454,450,484,450,486,450,501,450,504,450,505,452,506,454,506,458,505,461,504,463,501,464,499,464,498,465,481,465,479,466,476,465,476,466,462,466,461,467,436,467,434,468,409,468,407,469,405,469,0.8351495258267614
519,463,517,461,516,458,515,457,515,453,517,449,518,448,522,446,524,446,526,445,541,445,542,444,557,444,559,443,570,443,571,443,584,443,585,442,592,442,592,441,595,442,596,441,600,442,600,442,605,443,606,444,607,449,607,453,607,457,604,458,600,460,588,460,585,461,582,461,579,462,573,462,571,463,569,462,567,463,555,463,552,463,538,463,535,464,530,464,527,465,524,465,0.8257567355763715
189,433,201,433,202,432,209,432,212,434,214,436,215,440,215,444,214,449,213,450,211,450,207,452,178,452,175,451,170,451,165,450,164,449,163,448,161,443,161,439,163,435,164,434,168,432,169,432,171,431,172,431,174,432,188,432,0.8580713982249165
104,440,103,439,103,436,105,433,105,432,107,431,110,430,113,430,114,430,119,430,120,431,128,431,130,432,142,432,142,431,146,431,147,432,150,433,151,435,152,436,154,440,154,444,153,448,150,450,146,451,145,451,142,452,135,452,134,451,133,452,132,452,131,451,129,452,128,452,126,451,112,451,108,450,106,448,105,445,104,442,0.8423566514733194
253,448,247,448,243,449,235,449,230,448,229,446,228,442,228,437,229,433,230,431,234,430,240,430,243,431,245,430,248,430,284,430,287,429,290,429,309,428,313,427,323,427,326,426,329,426,350,425,353,424,356,424,362,426,366,429,367,430,367,434,366,437,364,439,362,441,358,441,353,442,326,443,322,443,303,444,300,445,297,445,274,446,271,447,258,447,0.8495375721155312
380,439,378,438,376,434,377,429,380,425,383,423,386,422,388,422,389,421,399,421,401,420,408,420,409,419,411,420,411,419,444,418,446,417,466,417,468,417,483,417,485,416,501,416,503,415,517,415,520,417,522,418,524,421,523,423,521,428,520,430,517,431,463,432,462,433,442,433,440,434,428,434,426,435,425,434,424,435,411,435,409,436,393,437,383,439,0.8261211200402333
622,424,619,427,602,427,598,428,584,428,579,429,566,429,562,430,553,430,549,430,539,430,534,430,534,430,531,427,531,426,530,423,530,420,531,416,532,415,535,414,540,413,556,413,560,412,576,412,580,411,587,411,591,410,600,410,605,410,614,410,616,410,617,410,622,415,0.8263186619747283
165,417,146,417,143,416,141,414,139,411,138,410,138,407,139,404,142,403,145,401,230,400,232,399,279,399,281,400,283,403,285,406,285,408,284,410,282,412,280,414,277,415,218,415,216,416,167,416,0.8322061488472797
61,419,58,419,55,420,40,420,38,421,25,421,22,422,18,422,14,421,12,419,10,416,9,413,11,406,13,404,14,403,18,402,27,402,29,401,47,401,49,400,72,400,73,399,76,400,77,399,89,399,90,398,112,398,113,397,124,397,128,399,130,401,132,405,132,409,131,412,128,414,127,415,124,416,114,416,112,417,107,417,105,417,88,417,86,418,83,417,81,418,63,418,0.8058706000515314
415,401,415,405,413,408,412,408,409,409,405,409,402,410,398,410,395,410,393,410,389,411,387,411,383,412,377,412,374,413,368,413,365,414,361,414,354,416,341,416,338,417,336,417,334,416,330,416,326,415,324,412,324,409,324,405,326,403,330,403,331,403,333,402,349,402,352,401,357,401,360,400,364,400,367,399,372,399,375,398,380,398,383,397,387,397,390,397,391,397,395,396,396,396,400,395,410,395,412,396,414,397,0.7914848470669469
540,398,534,398,530,399,527,399,525,400,520,400,517,401,504,401,500,402,490,402,486,403,469,403,465,403,460,403,456,404,439,405,435,406,432,406,429,407,426,407,425,406,424,406,421,405,419,403,419,399,420,397,422,395,427,392,429,392,454,391,459,390,461,390,485,389,489,388,503,387,505,386,513,386,516,385,520,385,540,384,542,383,560,383,563,384,564,386,565,389,565,390,564,393,563,394,561,396,558,397,554,397,551,397,543,397,0.7055249101094653
378,380,373,380,370,381,359,381,355,382,352,382,348,383,319,383,316,384,293,384,289,383,288,383,287,379,287,377,288,374,290,372,294,370,320,370,324,370,338,370,341,369,346,369,349,368,362,368,366,367,382,367,386,366,394,365,396,364,403,364,407,365,410,367,411,369,411,372,411,375,408,377,406,378,404,378,402,379,382,379,0.7788293743119404
621,362,620,363,618,366,615,369,612,371,607,372,606,372,603,373,600,374,599,374,597,375,594,375,590,376,582,376,578,377,577,377,572,377,570,377,565,378,563,377,556,377,555,378,549,378,544,379,536,379,534,380,531,379,530,380,526,381,523,380,520,380,515,381,500,381,496,380,492,380,491,379,489,379,484,380,480,379,477,378,472,378,466,379,462,379,458,378,454,376,450,372,448,369,447,366,447,361,448,357,451,353,454,350,457,348,462,347,473,348,476,347,480,348,485,347,490,346,517,346,521,345,523,344,545,343,553,342,556,341,567,341,571,340,574,341,580,340,581,339,597,338,601,337,609,337,614,338,618,343,620,345,622,350,622,357,0.7013401724670264
187,336,188,337,189,338,191,341,192,343,192,348,191,351,189,352,188,353,185,355,184,356,182,356,180,357,173,357,171,357,163,357,161,358,152,358,150,359,139,359,137,360,126,360,124,361,119,361,115,360,115,359,113,359,111,357,110,353,110,348,111,344,113,343,114,342,117,340,119,339,120,339,122,338,123,338,127,339,127,339,129,338,137,338,139,337,153,337,155,337,166,337,168,336,175,336,177,335,184,335,0.8721316466356981
246,352,244,354,238,357,233,357,231,357,222,357,221,358,213,358,211,359,210,359,207,358,207,357,205,357,204,356,203,355,201,352,200,350,200,344,201,341,203,340,204,339,207,337,208,337,211,337,213,336,224,336,226,335,232,335,234,334,238,334,242,335,242,336,244,336,245,338,247,342,247,349,0.8564021109941586
75,359,61,359,59,360,34,360,33,359,31,359,29,360,25,360,23,361,18,361,14,360,12,359,8,355,7,351,7,349,8,345,9,343,11,342,16,339,18,339,19,338,23,338,25,339,35,339,37,338,39,338,40,337,64,337,66,337,68,337,69,336,75,336,76,335,84,335,86,334,93,334,97,335,99,337,101,339,102,343,102,350,101,354,100,356,98,357,95,359,86,359,83,358,76,358,0.7258661266234118
381,352,350,352,348,353,334,353,332,354,307,354,305,355,283,356,281,357,272,357,269,357,265,355,263,353,261,350,260,349,260,343,261,340,266,337,269,336,280,336,281,335,294,335,295,334,312,334,314,333,353,332,355,331,367,331,369,330,382,330,383,330,394,330,396,330,398,331,401,334,403,337,403,343,402,345,401,347,398,350,395,351,382,351,0.8669353722858785
497,334,497,338,496,342,493,345,490,347,489,347,487,348,484,349,478,349,475,348,470,348,467,349,466,348,463,349,454,349,447,347,443,344,441,341,441,339,440,337,441,336,440,334,440,328,443,323,446,321,449,319,452,318,481,318,483,317,487,317,491,318,494,321,494,322,496,323,498,326,498,331,0.8259361356627715
404,319,403,319,401,321,384,321,382,322,377,322,375,323,370,323,368,323,353,323,352,324,348,324,346,323,345,323,344,324,340,324,338,323,334,323,331,323,328,320,326,317,326,314,328,311,328,310,330,309,331,309,331,308,334,306,338,306,338,305,345,305,346,304,353,304,356,303,365,303,366,302,388,302,389,301,395,301,396,300,398,300,402,301,404,302,406,303,406,304,408,307,408,310,406,317,0.7441567955043111
483,313,481,315,476,316,468,316,465,317,452,317,449,317,447,317,444,317,441,317,439,319,437,320,434,321,428,321,425,320,422,317,420,314,420,309,421,305,425,301,428,299,431,298,432,298,433,297,435,296,437,294,440,292,440,292,441,291,444,290,445,290,447,290,462,290,465,289,469,289,471,288,478,288,482,289,484,291,486,294,488,298,488,300,489,303,489,304,487,310,0.7487121537406608
557,310,545,310,542,310,527,310,524,311,510,311,507,312,502,312,498,311,495,308,493,305,492,303,492,302,491,300,491,297,493,292,495,290,498,287,501,286,514,286,517,287,520,286,532,286,534,285,544,285,549,284,556,284,560,285,563,289,564,290,566,293,567,296,567,301,566,304,563,307,560,309,0.8593081831555301
362,273,367,276,369,279,371,283,371,286,370,291,367,297,365,299,360,302,357,303,311,303,310,303,294,303,294,304,245,304,244,305,241,305,192,306,191,307,181,307,177,306,173,303,171,300,169,296,169,287,170,283,172,280,176,277,178,277,192,277,193,276,197,276,294,275,294,274,298,274,347,273,348,272,358,272,0.893145715590284
558,275,556,275,512,276,510,277,498,277,496,277,438,281,428,283,427,283,425,282,425,283,422,283,421,282,419,282,417,281,416,279,415,279,412,277,412,274,413,271,416,270,424,266,425,266,439,265,440,264,479,263,481,262,483,262,505,261,506,260,519,260,520,259,562,258,563,257,575,257,576,257,580,257,585,257,588,259,590,261,591,263,591,265,589,269,587,270,585,272,582,273,579,273,578,274,560,274,0.8106639698445373
551,242,542,241,503,244,457,246,449,248,448,248,430,249,414,252,411,252,408,251,405,250,404,247,404,244,406,242,411,238,412,237,424,234,425,234,462,230,550,225,563,223,566,223,568,224,582,223,585,223,586,223,602,222,606,222,607,223,610,225,611,229,611,230,610,236,609,238,607,240,569,240,0.7518223535825447
