404,712,365,712,358,710,296,710,289,708,263,708,249,703,247,701,245,694,245,692,247,685,249,683,249,680,256,678,259,678,266,676,273,678,286,678,293,680,333,680,340,683,374,683,381,685,439,685,446,687,480,687,487,690,490,692,492,692,494,699,494,706,492,712,490,715,483,717,448,717,441,715,411,715,0.781274053289716
166,690,166,694,164,703,162,706,159,706,157,708,150,710,134,710,129,708,90,708,72,703,67,699,65,690,65,683,67,674,69,671,79,669,102,669,111,671,143,671,152,674,159,676,164,680,0.7810655893865696
1467,509,1504,509,1513,511,1538,511,1548,514,1552,516,1559,521,1561,532,1561,541,1559,548,1559,550,1557,559,1552,566,1541,569,1508,569,1499,566,1402,566,1397,569,1354,569,1344,566,1337,562,1333,555,1330,543,1330,527,1333,518,1335,514,1337,511,1347,507,1381,507,1386,509,1409,509,1414,507,1457,507,0.8315473655007493
813,566,808,564,799,564,795,562,785,562,781,559,771,559,767,557,753,557,748,555,732,555,728,553,709,553,704,550,698,548,693,539,693,527,698,521,707,511,711,514,721,514,723,516,730,516,732,518,746,518,748,521,767,521,769,523,778,523,781,525,788,525,790,527,801,527,804,530,815,530,818,532,822,532,825,534,827,534,834,537,838,546,838,553,836,559,822,566,0.808731914307531
471,509,485,509,487,511,501,511,504,514,520,514,522,516,538,516,540,518,554,518,557,521,571,521,573,523,589,523,591,525,601,525,603,527,605,527,612,530,617,539,617,548,614,555,605,559,587,559,582,557,571,557,566,555,550,555,545,553,534,553,529,550,520,550,515,548,499,548,494,546,478,546,474,543,460,543,453,541,446,537,441,527,441,521,443,514,453,509,455,509,457,507,469,507,0.8245240965385756
1095,505,1097,507,1102,518,1102,530,1097,541,1095,543,1083,548,1076,550,977,550,972,553,963,553,959,550,931,550,924,553,919,553,910,550,903,546,899,539,896,532,896,518,899,509,905,505,912,502,915,502,919,500,940,500,945,502,947,500,1083,500,0.8441117972356301
310,507,356,507,367,511,370,514,374,525,374,537,370,548,367,550,356,555,305,555,298,553,270,553,263,550,212,550,206,548,152,548,146,546,104,546,97,543,90,537,85,527,83,518,92,505,97,500,104,498,155,498,159,500,206,500,210,502,270,502,275,505,305,505,0.8611263666663281
1224,509,1231,516,1233,525,1233,530,1231,539,1229,541,1220,543,1201,543,1192,541,1190,541,1171,537,1164,534,1162,532,1160,532,1155,527,1150,514,1150,511,1153,502,1160,495,1173,495,1183,498,1190,500,1217,507,0.7983213706751063
582,395,520,395,513,393,450,393,441,390,411,390,407,388,374,388,365,386,326,386,316,384,312,381,307,377,305,370,305,361,307,356,312,352,321,349,342,349,351,352,358,352,367,354,425,354,434,356,510,356,520,358,571,358,580,361,605,361,614,363,617,365,619,365,624,370,624,381,621,388,617,393,607,397,591,397,0.8382117203572421
1157,390,1095,390,1090,388,1086,388,1079,386,1072,379,1072,374,1069,370,1069,363,1074,354,1079,349,1088,345,1120,345,1125,347,1153,347,1157,349,1171,349,1176,352,1183,352,1187,349,1208,349,1213,352,1220,354,1226,361,1226,363,1229,368,1229,374,1224,379,1220,386,1217,388,1208,393,1160,393,0.8083293477960881
755,388,716,388,704,384,702,381,698,370,698,358,702,347,707,342,718,338,741,338,746,340,795,340,799,342,857,342,862,345,901,345,905,347,949,347,954,349,965,349,970,352,975,352,982,356,989,365,993,372,991,381,989,386,982,393,977,395,970,397,959,397,952,395,929,395,922,393,841,393,834,390,762,390,0.8745576465882143
1448,345,1501,347,1506,349,1545,349,1550,352,1610,354,1619,358,1624,363,1628,370,1628,377,1626,379,1626,381,1621,390,1619,393,1612,397,1598,400,1591,400,1589,397,1573,397,1568,395,1541,395,1536,393,1511,393,1506,390,1460,388,1455,386,1404,384,1400,381,1381,381,1377,379,1342,379,1337,377,1333,377,1324,372,1321,370,1317,361,1317,352,1319,345,1324,340,1330,336,1337,333,1342,336,1386,338,1390,340,1437,342,1446,342,0.8611230632590543
67,381,60,368,60,356,62,347,65,342,67,340,67,338,69,336,79,331,81,331,85,329,136,329,141,326,169,326,178,329,182,331,189,338,194,347,194,365,192,374,189,379,187,381,178,386,176,386,171,388,162,388,157,386,150,386,146,388,120,388,115,390,88,390,79,388,69,384,0.8584471664258412
