904,1677,856,1677,849,1678,843,1677,812,1680,805,1685,802,1685,795,1687,786,1687,783,1685,760,1687,755,1687,748,1685,744,1687,732,1687,727,1685,722,1687,708,1685,699,1682,692,1677,689,1672,685,1663,685,1654,687,1651,685,1642,685,1634,690,1627,694,1623,699,1620,708,1617,711,1617,793,1620,800,1618,826,1618,840,1615,915,1615,922,1613,948,1613,955,1611,960,1613,977,1610,1021,1610,1056,1606,1064,1608,1070,1610,1077,1613,1082,1620,1083,1623,1087,1639,1085,1651,1078,1668,1070,1672,1063,1673,967,1673,960,1675,911,1675,0.8428315938241
906,1558,908,1560,910,1560,920,1570,920,1575,922,1577,922,1586,920,1592,918,1594,917,1598,911,1603,908,1605,904,1608,887,1608,885,1610,875,1610,873,1611,863,1611,861,1613,845,1613,838,1611,824,1598,824,1594,823,1592,823,1586,824,1579,824,1577,826,1570,831,1565,835,1563,838,1560,845,1560,847,1558,877,1558,878,1556,899,1556,0.8407510567307472
803,1560,807,1562,809,1563,809,1565,810,1567,814,1574,814,1592,812,1599,809,1605,805,1605,800,1608,788,1608,784,1610,762,1610,755,1608,751,1606,748,1603,744,1596,744,1594,743,1591,743,1582,744,1575,746,1572,748,1570,748,1568,750,1567,751,1563,755,1563,760,1560,767,1560,770,1558,797,1558,0.8247224749528873
988,1598,983,1599,953,1599,948,1601,939,1601,932,1599,930,1598,929,1598,923,1592,920,1587,918,1582,918,1572,920,1565,922,1563,922,1562,927,1556,932,1553,937,1551,939,1551,944,1550,1012,1550,1019,1551,1024,1556,1028,1562,1030,1567,1030,1579,1028,1586,1023,1591,1017,1594,1007,1598,0.8331624918451933
670,1639,663,1648,645,1665,643,1670,638,1677,638,1678,631,1691,621,1703,607,1706,600,1706,584,1706,569,1706,546,1706,536,1706,518,1706,503,1706,487,1706,483,1706,475,1706,471,1706,402,1706,384,1706,351,1703,348,1703,334,1701,317,1697,301,1694,285,1685,261,1661,254,1646,249,1629,247,1627,243,1611,243,1565,245,1544,245,1531,249,1513,252,1508,252,1501,254,1486,261,1469,270,1455,285,1439,299,1429,315,1421,330,1415,351,1414,400,1414,437,1408,438,1408,447,1407,497,1407,515,1408,520,1410,548,1410,555,1408,576,1407,605,1407,623,1408,638,1414,654,1421,668,1433,678,1446,685,1460,692,1476,694,1498,694,1534,692,1551,690,1558,690,1575,689,1592,678,1623,0.8890184097607712
590,1185,590,1183,588,1181,586,1173,586,1171,584,1166,584,1163,586,1154,588,1152,588,1151,593,1144,600,1138,605,1135,612,1133,630,1130,635,1130,643,1128,649,1128,657,1126,670,1126,678,1125,685,1125,694,1123,704,1123,713,1121,729,1121,737,1120,760,1120,769,1121,776,1126,779,1130,784,1137,786,1145,786,1147,788,1156,788,1166,786,1175,781,1181,779,1183,772,1188,769,1188,767,1190,758,1192,734,1192,725,1194,710,1194,701,1195,696,1195,687,1197,673,1197,664,1199,650,1199,642,1200,626,1200,617,1202,605,1199,595,1192,0.9041962437613315
751,1059,757,1063,760,1066,763,1073,765,1078,765,1094,763,1101,757,1109,748,1114,741,1116,661,1123,475,1125,115,1142,106,1140,101,1137,97,1132,94,1125,92,1118,92,1113,96,1101,101,1094,106,1090,113,1089,466,1077,527,1071,591,1073,744,1058,0.885793479225532
783,982,790,985,795,991,795,1003,793,1009,788,1016,777,1023,770,1025,725,1028,501,1034,409,1040,118,1046,110,1046,106,1044,99,1039,96,1032,94,1025,94,1011,96,1004,99,997,106,996,122,992,443,992,666,985,758,977,762,977,0.8370797741246212
567,911,572,915,576,920,579,930,579,941,577,946,574,951,567,954,560,956,557,956,483,954,402,960,205,961,136,967,111,965,104,963,99,958,97,951,97,941,99,934,101,930,104,927,111,924,115,924,355,917,398,918,557,910,562,910,0.8768326129759815
758,934,758,942,757,951,753,956,751,958,744,961,737,963,729,965,722,963,713,965,652,965,643,967,637,967,630,965,624,961,621,958,616,951,616,944,614,939,612,932,612,924,614,915,617,910,621,906,628,903,635,901,649,901,656,903,668,903,675,901,703,901,711,903,718,901,729,901,736,899,737,899,746,901,748,903,750,903,755,908,760,915,760,929,0.8373619058911953
965,819,974,825,981,836,983,841,981,848,977,853,970,858,962,862,717,865,640,872,313,874,311,874,292,870,285,867,282,862,280,855,283,846,289,841,297,838,325,834,650,829,883,819,934,812,939,812,0.7529548859881282
1064,872,1056,872,1054,874,1040,874,1038,875,1012,875,1003,874,1002,874,993,872,983,868,974,862,967,851,965,846,965,832,967,827,972,820,977,815,981,813,998,810,1002,807,1010,807,1097,805,1099,803,1158,803,1160,801,1167,801,1198,800,1202,798,1226,798,1237,795,1249,795,1256,796,1263,800,1270,807,1271,813,1273,817,1273,838,1271,846,1268,853,1263,856,1261,858,1254,863,1202,863,1200,865,1176,865,1174,867,1165,867,1090,868,1089,870,1066,870,0.8570444519198342
965,741,976,746,983,752,986,758,986,767,983,779,979,786,972,789,963,793,957,795,593,793,355,815,221,820,115,817,108,815,101,810,97,803,97,798,99,781,101,774,108,769,117,765,384,762,510,755,563,743,567,743,958,739,0.8348042663169932
1223,733,1224,733,1235,736,1249,745,1256,750,1259,758,1259,767,1256,774,1252,782,1250,784,1242,788,1238,789,1235,789,1228,793,1221,795,1217,795,1210,796,1120,796,1113,798,1071,798,1064,800,1045,800,990,801,983,800,972,793,967,786,963,779,963,770,965,764,967,755,974,746,977,743,984,739,993,734,1000,734,1007,733,1014,734,1017,736,1024,734,1026,734,1115,733,1122,731,1169,731,1176,729,1184,731,1214,731,0.8067693850686934
699,678,706,679,713,684,717,690,720,698,720,703,717,719,713,726,706,731,699,733,252,731,117,736,110,734,101,727,99,724,97,714,99,700,103,693,108,686,117,684,322,679,536,681,546,678,551,678,673,676,0.8636098720634656
970,715,951,715,950,717,930,717,929,719,923,719,922,721,904,721,903,722,857,722,856,724,824,724,821,722,817,722,810,721,800,710,800,700,805,691,814,683,816,683,819,679,826,679,828,678,840,678,842,676,856,676,857,674,877,674,878,672,897,672,899,671,913,671,915,669,922,669,923,667,929,667,930,666,943,666,944,664,955,664,957,662,969,662,970,660,986,660,995,664,1002,669,1007,674,1007,678,1010,681,1010,693,1009,700,1007,703,1000,710,997,712,990,714,988,715,981,715,976,714,972,714,0.7073219878967747
1177,662,1181,664,1212,664,1219,662,1226,662,1233,664,1235,664,1245,667,1254,674,1257,679,1259,686,1259,688,1257,695,1252,700,1245,705,1237,709,1197,709,1190,707,1181,707,1177,705,1174,707,1167,707,1160,709,1056,709,1049,710,1035,710,1026,707,1019,702,1014,697,1012,690,1012,678,1014,671,1023,662,1031,659,1113,659,1120,657,1123,659,1157,659,1170,662,0.7604511393476109
541,597,546,600,551,607,553,612,555,619,553,624,550,631,544,636,537,640,530,641,252,645,120,652,111,648,106,645,101,640,99,631,101,616,104,609,110,604,113,604,120,602,123,600,304,600,383,597,489,597,532,593,0.8951208948647171
1233,592,1238,595,1245,602,1247,609,1247,616,1243,621,1238,624,1230,628,1226,628,1221,629,1186,629,1179,631,1177,631,1172,633,1162,633,1157,635,1123,635,1118,636,1078,636,1073,638,1057,638,1038,640,1035,641,1030,643,1019,643,1009,638,1003,633,1000,628,998,623,998,609,1000,602,1007,595,1012,592,1017,590,1024,590,1030,588,1059,588,1064,586,1087,586,1092,585,1146,586,1150,586,1157,585,1160,586,1169,586,1177,590,1179,590,1184,592,1188,592,1195,590,1198,588,1226,588,0.7616631726364458
795,525,803,530,809,535,810,540,812,547,812,554,809,561,805,564,797,569,788,571,327,569,117,578,110,576,104,571,101,564,99,550,101,543,104,537,110,535,118,531,123,530,301,525,786,523,0.8475107170899516
1243,521,1247,525,1250,531,1252,538,1252,549,1250,555,1245,562,1242,566,1238,568,1230,569,1101,569,1094,571,1071,571,1063,573,1030,573,1023,569,1016,564,1012,561,1009,554,1003,549,1002,545,1000,537,1000,530,1002,523,1007,516,1014,512,1019,511,1028,509,1035,509,1042,511,1158,511,1165,512,1209,512,1216,514,1223,514,1237,518,0.7777415849434216
642,456,649,456,652,461,654,468,654,475,652,482,649,485,643,488,637,490,250,497,132,506,106,504,99,504,96,499,94,490,96,476,97,471,103,466,108,466,193,464,280,457,499,457,532,454,0.863175519977538
1158,432,1163,435,1170,442,1172,452,1172,471,1170,480,1167,487,1160,490,1158,490,1157,492,1153,492,1151,494,1113,494,1104,492,1097,490,1056,490,1049,488,1030,488,1021,487,1012,480,1009,475,1007,464,1007,451,1009,442,1012,437,1014,432,1021,428,1096,428,1104,430,1150,430,0.8495764243339307
567,377,574,380,581,389,583,396,583,402,576,413,570,418,563,420,235,423,115,426,108,425,103,420,99,413,97,399,99,392,101,389,104,384,110,378,117,377,344,377,532,371,534,371,0.9103251131876055
1209,370,1221,371,1230,375,1235,380,1238,387,1238,397,1237,404,1228,409,1223,411,1219,413,1141,413,1134,411,1090,411,1085,409,1049,409,1042,408,1012,408,1005,406,1002,404,991,404,984,402,974,406,957,406,941,401,934,397,930,392,930,385,934,380,937,377,946,371,953,370,993,370,1002,366,1007,365,1040,363,1045,365,1061,365,1066,366,1070,365,1073,366,1123,366,1130,368,1160,368,1165,370,1169,368,1172,370,1176,368,1202,368,0.8044618508126401
645,304,652,311,656,318,657,327,656,335,652,341,647,344,638,347,633,349,543,346,318,347,263,344,104,347,94,344,90,341,89,334,87,328,89,318,92,311,99,308,104,306,108,304,515,306,637,303,638,303,0.8658250657300283
1134,296,1141,296,1144,298,1150,296,1153,298,1158,298,1165,299,1169,303,1176,308,1177,315,1177,318,1179,320,1181,327,1181,334,1177,341,1172,347,1165,349,1163,349,1158,351,1068,351,1063,353,1038,353,1033,354,1021,354,1016,356,1012,356,1005,358,1002,356,1000,356,993,354,988,351,986,349,983,342,981,337,981,335,979,332,979,330,977,327,976,320,977,313,981,308,984,304,991,301,997,299,1064,299,1070,298,1127,298,0.8683128833620614
1007,236,1014,237,1017,237,1024,236,1071,236,1075,234,1198,234,1207,237,1214,242,1217,248,1219,253,1219,261,1217,268,1212,273,1209,275,1202,277,1047,277,1043,279,998,279,991,277,988,275,983,270,979,263,979,253,981,246,986,241,990,239,1000,236,0.8421659558068186
631,234,635,234,642,237,647,244,649,251,649,258,645,265,642,267,626,275,621,277,602,279,125,280,118,279,113,277,108,272,104,265,104,253,106,246,111,241,117,237,123,236,186,239,412,239,619,232,623,232,0.8804834471444182
833,55,838,55,847,53,863,53,866,55,880,55,885,57,894,62,901,71,904,79,904,88,903,96,903,98,901,107,897,114,892,117,889,120,880,126,845,126,842,124,770,124,760,122,675,122,666,124,623,124,614,122,603,115,598,108,595,100,595,79,597,71,598,67,602,62,607,55,616,52,784,52,795,53,797,55,803,53,830,53,0.8820632512354298
