485,3972,416,3972,408,3976,269,3976,257,3980,102,3980,90,3976,86,3968,90,3956,98,3944,110,3935,147,3935,155,3931,216,3931,228,3927,298,3927,310,3923,583,3923,595,3919,709,3919,717,3923,730,3931,738,3944,738,3952,734,3964,730,3968,721,3972,562,3972,554,3976,493,3976,0.7045435580525867
367,3831,355,3831,334,3827,306,3815,285,3798,265,3766,261,3754,257,3714,261,3694,253,3653,253,3629,261,3601,265,3593,281,3573,314,3552,334,3544,346,3536,579,3488,587,3488,685,3476,840,3435,848,3431,1109,3383,1137,3383,1166,3387,1190,3395,1215,3411,1235,3435,1255,3476,1264,3500,1264,3540,1260,3569,1255,3573,1251,3585,1235,3609,1202,3629,1154,3649,1133,3657,880,3698,742,3746,726,3750,693,3754,550,3794,542,3798,444,3815,395,3827,0.9270287409291407
1390,3669,1374,3665,1349,3657,1329,3641,1321,3633,1296,3597,1284,3560,1280,3528,1280,3508,1276,3488,1284,3460,1292,3444,1300,3431,1321,3411,1345,3395,1365,3387,1431,3375,1516,3351,1529,3347,1696,3315,1716,3306,1732,3306,1757,3294,1777,3290,1785,3290,1814,3286,1818,3286,1842,3278,1867,3274,1920,3270,1940,3266,2018,3266,2046,3270,2071,3282,2091,3294,2111,3319,2120,3339,2136,3391,2136,3403,2140,3407,2144,3444,2140,3492,2132,3520,2111,3552,2103,3560,2079,3577,2058,3585,2026,3593,1863,3605,1859,3605,1842,3609,1732,3613,1700,3621,1651,3625,1529,3649,1529,3645,1508,3653,1476,3661,1459,3661,1423,3673,0.9242290575151341
501,3306,497,3327,485,3347,481,3351,461,3363,440,3367,428,3367,408,3371,383,3371,363,3375,359,3375,338,3379,330,3379,310,3383,289,3383,269,3379,249,3367,240,3359,228,3339,224,3319,220,3306,224,3294,220,3282,220,3246,224,3226,236,3206,249,3194,269,3181,289,3177,302,3177,322,3173,346,3173,367,3169,379,3169,399,3165,428,3165,448,3169,469,3181,473,3185,477,3194,489,3214,501,3274,0.8973115299156006
811,3185,815,3206,815,3226,811,3246,799,3266,795,3270,774,3282,766,3282,762,3286,742,3290,717,3290,677,3298,660,3298,640,3302,611,3302,591,3298,583,3294,562,3282,550,3266,546,3242,546,3202,542,3190,542,3185,538,3173,538,3165,542,3145,554,3125,558,3117,575,3105,583,3105,587,3101,607,3097,615,3097,636,3093,644,3093,664,3089,681,3089,701,3085,746,3085,766,3089,787,3101,799,3117,799,3125,803,3133,811,3173,0.8911858227735009
1023,3278,1003,3282,990,3286,986,3286,974,3290,933,3290,913,3286,889,3274,885,3270,872,3250,868,3226,868,3206,864,3185,860,3169,860,3137,864,3117,876,3093,885,3085,905,3073,929,3069,970,3069,995,3065,1007,3065,1031,3060,1039,3060,1064,3056,1101,3056,1121,3060,1145,3073,1154,3081,1158,3089,1162,3093,1174,3113,1178,3133,1186,3153,1186,3169,1190,3190,1186,3214,1182,3226,1174,3238,1158,3254,1137,3266,1113,3270,1080,3270,1031,3278,0.8789814032878972
2152,3190,2128,3190,2111,3185,2099,3181,2087,3169,2079,3153,2079,3093,2075,3085,2075,3052,2079,3036,2083,3024,2091,3016,2107,3008,2111,3008,2120,3004,2160,3004,2177,3008,2189,3012,2193,3016,2197,3016,2201,3020,2209,3036,2209,3073,2213,3081,2213,3137,2209,3153,2205,3165,2201,3169,2201,3173,2197,3177,2181,3185,2160,3185,0.8569747374651018
1863,3060,1867,3065,1871,3073,1887,3113,1891,3137,1891,3165,1883,3194,1871,3218,1846,3242,1830,3254,1806,3266,1781,3274,1773,3274,1757,3282,1732,3286,1724,3290,1696,3302,1683,3302,1663,3310,1647,3315,1622,3323,1602,3323,1573,3335,1565,3335,1561,3339,1529,3347,1516,3355,1500,3359,1476,3367,1463,3367,1439,3371,1414,3371,1386,3367,1357,3355,1337,3339,1333,3335,1312,3310,1300,3274,1292,3262,1292,3254,1284,3242,1280,3238,1268,3206,1260,3181,1255,3157,1251,3141,1251,3125,1255,3097,1272,3065,1280,3052,1296,3032,1325,3016,1357,3000,1374,2996,1398,2988,1410,2988,1431,2980,1443,2980,1463,2972,1480,2972,1500,2964,1512,2960,1541,2952,1557,2948,1561,2948,1590,2944,1598,2940,1622,2935,1626,2935,1639,2927,1667,2923,1671,2923,1696,2919,1716,2919,1745,2923,1773,2935,1802,2960,1806,2964,1818,2972,1834,2996,1846,3032,0.9194049233865217
2274,3020,2270,3016,2270,3004,2279,2992,2283,2992,2287,2984,2295,2972,2307,2972,2323,2964,2372,2964,2385,2972,2389,2988,2389,2992,2393,2996,2393,3016,2389,3024,2385,3036,2376,3048,2364,3048,2348,3056,2344,3056,2336,3060,2307,3060,2291,3052,2287,3048,2274,3024,0.7720927763730288
819,2964,807,2988,799,2996,779,3008,754,3012,746,3012,721,3016,640,3016,615,3020,575,3020,550,3024,501,3024,477,3028,436,3028,412,3032,379,3032,359,3036,334,3036,310,3020,302,3016,285,3000,281,2972,281,2960,277,2948,277,2911,281,2891,285,2883,285,2879,298,2859,314,2843,330,2839,334,2839,359,2835,428,2835,452,2831,493,2831,518,2827,575,2827,599,2823,677,2823,701,2819,717,2819,738,2815,770,2819,787,2827,803,2843,815,2859,819,2883,823,2903,823,2944,0.932184827659194
1692,2919,1683,2940,1663,2956,1655,2960,1626,2964,1614,2964,1594,2968,1504,2968,1480,2972,1390,2972,1370,2976,1178,2976,1154,2980,1109,2980,1084,2984,1080,2984,1056,2988,1011,2988,990,2984,970,2976,954,2956,950,2935,946,2911,942,2899,942,2859,946,2831,950,2823,966,2806,982,2794,995,2790,999,2790,1019,2786,1117,2786,1121,2790,1133,2786,1370,2782,1394,2778,1471,2778,1492,2774,1529,2774,1549,2778,1622,2778,1643,2782,1667,2794,1679,2806,1692,2827,1696,2847,1696,2899,0.9111681456280881
2230,2940,2181,2948,2177,2948,2156,2952,2132,2956,2128,2956,2067,2968,2050,2972,2038,2976,2018,2980,1993,2984,1981,2988,1965,2992,1944,2996,1932,3000,1904,3004,1879,3004,1859,3000,1834,2988,1830,2984,1818,2964,1810,2944,1806,2919,1806,2911,1802,2895,1802,2875,1806,2847,1810,2839,1826,2823,1842,2810,1851,2810,1855,2806,1879,2802,1883,2802,1932,2794,1936,2794,1952,2790,1977,2786,1981,2786,2005,2782,2014,2782,2022,2778,2042,2774,2067,2770,2071,2770,2095,2766,2197,2746,2209,2742,2213,2742,2238,2734,2242,2734,2258,2730,2279,2726,2283,2726,2307,2722,2327,2722,2348,2726,2368,2734,2385,2758,2393,2778,2397,2794,2397,2806,2401,2815,2405,2839,2405,2855,2401,2875,2393,2895,2380,2907,2368,2915,2344,2923,2340,2923,2315,2927,2303,2927,2283,2931,2234,2940,0.908633457798025
428,2625,432,2633,436,2637,444,2649,448,2657,448,2661,452,2665,452,2702,448,2718,436,2730,420,2734,412,2738,408,2738,391,2734,379,2734,363,2730,351,2730,334,2726,330,2726,314,2722,314,2718,306,2718,302,2710,298,2706,289,2694,285,2685,285,2673,281,2665,281,2657,285,2641,289,2641,289,2633,298,2629,302,2625,314,2617,359,2617,375,2621,412,2621,0.8365822135482305
1080,2742,1072,2742,1068,2738,1052,2742,1031,2742,1023,2738,807,2738,787,2742,766,2742,762,2738,742,2742,640,2742,620,2746,591,2742,562,2730,546,2718,534,2702,530,2681,530,2621,542,2605,554,2593,567,2585,575,2581,595,2573,611,2569,664,2565,685,2560,1101,2560,1121,2556,1211,2556,1231,2560,1251,2573,1260,2581,1272,2597,1276,2621,1276,2653,1268,2681,1268,2698,1255,2714,1247,2726,1231,2738,1211,2746,1088,2746,0.8241460765640698
1912,2698,1908,2698,1883,2702,1875,2706,1859,2710,1838,2714,1830,2718,1802,2722,1798,2722,1785,2726,1753,2734,1740,2738,1728,2738,1724,2742,1712,2742,1708,2746,1688,2750,1651,2754,1647,2758,1622,2762,1606,2766,1602,2766,1573,2770,1569,2770,1557,2774,1533,2778,1516,2778,1492,2774,1467,2762,1459,2754,1447,2734,1443,2714,1435,2702,1431,2673,1427,2657,1427,2641,1431,2617,1443,2593,1447,2589,1467,2577,1484,2573,1488,2573,1492,2569,1516,2565,1533,2560,1537,2560,1553,2556,1557,2556,1586,2552,1598,2552,1606,2548,1618,2544,1622,2544,1651,2540,1655,2540,1663,2536,1671,2536,1675,2532,1704,2528,1712,2528,1720,2524,1732,2520,1736,2520,1757,2516,1789,2512,1802,2508,1810,2508,1814,2504,1842,2500,1867,2496,1895,2492,1908,2492,1916,2488,1936,2484,1961,2480,1985,2480,1997,2484,2026,2500,2034,2508,2046,2532,2058,2560,2062,2585,2062,2613,2058,2637,2050,2657,2022,2673,2001,2681,1928,2694,0.9085318408314205
893,2355,885,2375,876,2391,868,2399,848,2411,832,2415,807,2423,721,2423,705,2427,628,2427,611,2431,546,2431,530,2435,420,2435,404,2440,387,2440,363,2435,334,2419,326,2411,314,2391,306,2359,306,2327,302,2315,302,2286,306,2262,322,2234,330,2226,351,2214,383,2206,391,2206,408,2202,562,2202,579,2198,628,2198,644,2194,762,2194,779,2190,803,2190,836,2198,844,2202,864,2218,876,2234,880,2242,889,2274,893,2294,893,2298,897,2315,897,2331,0.938789871262341
999,2218,1015,2198,1027,2190,1048,2181,1096,2181,1121,2177,1141,2177,1170,2173,1178,2173,1207,2169,1223,2169,1251,2165,1272,2165,1300,2161,1321,2161,1349,2157,1382,2157,1410,2153,1463,2153,1488,2157,1508,2169,1524,2190,1533,2206,1537,2234,1537,2290,1533,2315,1520,2335,1508,2347,1496,2355,1476,2363,1443,2363,1414,2367,1378,2367,1349,2371,1325,2371,1296,2375,1272,2375,1243,2379,1219,2379,1190,2383,1174,2383,1145,2387,1125,2387,1096,2391,1060,2391,1035,2387,1011,2375,1007,2371,995,2351,990,2327,986,2310,986,2238,0.9281214354286753
2067,2306,2062,2310,2062,2315,2058,2319,2058,2331,2054,2335,2054,2347,2046,2367,2042,2371,2042,2379,2038,2387,2038,2391,2034,2399,2030,2427,2026,2435,2026,2440,2022,2444,2022,2456,2010,2480,1997,2496,1989,2504,1969,2520,1940,2532,1895,2532,1867,2528,1863,2524,1859,2524,1851,2520,1846,2520,1838,2516,1834,2516,1826,2512,1822,2512,1814,2508,1810,2508,1802,2504,1798,2504,1777,2496,1773,2492,1765,2492,1716,2468,1683,2435,1675,2419,1667,2415,1651,2391,1647,2371,1639,2355,1639,2319,1643,2290,1647,2286,1647,2274,1651,2266,1651,2262,1655,2258,1655,2246,1663,2222,1671,2206,1671,2198,1675,2190,1675,2181,1679,2173,1679,2165,1692,2141,1696,2137,1696,2133,1712,2113,1745,2093,1757,2089,1785,2085,1814,2089,1822,2093,1830,2093,1838,2097,1842,2097,1855,2101,1871,2109,1875,2109,1879,2113,1891,2113,1904,2121,1916,2121,1924,2125,1928,2125,1936,2129,1940,2129,1944,2133,1957,2133,1965,2137,1969,2137,1977,2141,1981,2141,2014,2157,2030,2169,2038,2181,2042,2185,2058,2206,2071,2234,2071,2278,0.8876224560233262
420,2097,404,2105,391,2109,375,2113,367,2113,351,2109,289,2109,273,2105,188,2105,175,2101,159,2105,118,2105,102,2101,98,2097,94,2097,77,2085,69,2069,65,2065,61,2048,61,2020,65,2004,69,2000,69,1996,102,1964,118,1960,143,1960,159,1964,257,1964,273,1968,322,1968,338,1972,395,1972,412,1976,440,2004,444,2020,444,2028,440,2044,440,2056,432,2081,0.8770586327403267
872,2077,762,2077,746,2073,628,2073,611,2069,518,2069,510,2073,493,2073,485,2069,465,2056,452,2044,448,2028,448,2012,452,1996,457,1988,465,1980,481,1972,505,1972,514,1968,628,1968,636,1972,742,1972,758,1976,885,1976,893,1980,901,1976,917,1980,995,1980,1011,1984,1076,1984,1084,1980,1105,1980,1117,1984,1129,1992,1137,2008,1141,2024,1137,2048,1129,2065,1117,2077,1109,2081,1092,2085,901,2081,889,2081,0.8808464007704172
1394,1968,1402,1976,1410,1996,1410,2020,1402,2040,1398,2044,1378,2052,1276,2052,1264,2056,1247,2056,1235,2060,1202,2060,1182,2052,1170,2048,1162,2040,1158,2024,1154,2020,1154,2004,1162,1992,1174,1980,1182,1976,1202,1968,1231,1968,1239,1964,1317,1964,1325,1960,1374,1960,0.8543972834944725
2050,1730,2067,1742,2079,1754,2083,1770,2079,1786,2075,1794,2054,1815,2038,1823,2005,1823,1989,1827,1985,1823,1977,1827,1961,1827,1948,1831,1810,1831,1793,1835,1630,1835,1614,1831,1557,1831,1541,1827,1529,1815,1516,1798,1508,1778,1508,1766,1512,1750,1516,1742,1533,1726,1541,1722,1557,1718,1704,1718,1720,1722,1802,1722,1814,1718,1973,1718,1989,1714,2001,1714,2034,1722,0.7476547671719447
1170,1843,1039,1843,1023,1847,990,1847,970,1851,946,1843,929,1831,921,1815,913,1790,913,1746,917,1726,929,1710,946,1702,950,1702,954,1698,974,1694,1076,1694,1092,1690,1129,1690,1145,1685,1255,1685,1276,1690,1296,1710,1304,1722,1308,1738,1312,1742,1317,1758,1317,1782,1312,1802,1292,1823,1276,1835,1260,1839,1235,1839,1219,1843,1215,1843,1194,1839,1186,1839,0.8886596879100885
1064,1597,1072,1605,1080,1617,1084,1629,1080,1641,1076,1649,1064,1657,1052,1661,1043,1665,897,1661,742,1673,477,1681,110,1681,98,1677,90,1669,86,1661,82,1645,94,1621,106,1613,118,1609,126,1609,135,1605,432,1609,448,1605,457,1609,1052,1593,0.8382507604666245
1378,1476,1365,1468,1353,1456,1345,1440,1341,1427,1341,1407,1345,1391,1357,1375,1365,1363,1378,1359,1386,1355,1410,1347,1537,1347,1553,1351,1557,1351,1565,1355,1582,1367,1586,1371,1586,1375,1594,1391,1598,1403,1598,1423,1594,1440,1586,1452,1573,1468,1549,1476,1545,1476,1533,1480,1435,1480,1423,1484,1414,1484,1398,1480,1394,1480,0.821843878661271
1166,1351,1174,1359,1182,1371,1182,1391,1178,1399,1178,1427,1166,1440,1154,1448,1145,1448,1137,1452,1048,1452,1039,1456,917,1456,913,1452,909,1452,897,1440,893,1419,889,1415,889,1383,893,1379,893,1375,905,1363,917,1355,921,1355,925,1351,978,1351,982,1347,1080,1347,1084,1343,1149,1343,0.8720741523475182
726,1306,713,1310,452,1310,436,1306,367,1306,351,1310,126,1310,118,1306,106,1298,106,1274,110,1258,118,1250,135,1246,664,1246,677,1242,730,1242,746,1250,758,1258,758,1278,754,1290,746,1298,730,1306,0.8064243864396522
232,1065,245,1065,257,1073,261,1077,269,1089,269,1101,261,1113,257,1117,245,1125,236,1125,232,1129,224,1125,216,1129,212,1129,208,1125,200,1129,196,1129,192,1125,183,1129,106,1129,94,1125,86,1109,86,1105,82,1101,82,1093,90,1081,98,1073,110,1065,220,1065,224,1060,0.8253090125470123
1418,1036,1427,1044,1431,1060,1431,1073,1427,1089,1418,1097,1402,1101,1272,1101,1255,1097,1243,1097,1231,1089,1231,1077,1227,1065,1227,1056,1231,1040,1235,1036,1251,1032,1325,1032,1341,1036,1357,1036,1370,1032,1410,1032,0.8130623473196613
1084,1024,1105,1032,1117,1032,1137,1036,1141,1040,1149,1040,1170,1048,1178,1056,1182,1056,1202,1065,1207,1073,1211,1073,1227,1097,1231,1109,1231,1149,1227,1169,1215,1190,1211,1194,1194,1206,1170,1210,1101,1210,1096,1206,1056,1206,1048,1202,1035,1202,1019,1194,1007,1190,999,1185,819,1185,795,1190,787,1190,754,1202,734,1206,713,1214,705,1214,689,1222,632,1222,615,1210,599,1194,595,1165,595,1161,599,1141,615,1113,615,1097,620,1073,620,1056,624,1048,624,1040,636,1024,652,1008,664,1008,673,1000,693,996,832,996,852,992,901,992,921,988,933,988,982,984,1015,984,1023,988,1035,992,1056,1000,1060,1008,1072,1016,1080,1024,0.7726405320420424
306,879,310,883,314,883,318,887,322,903,322,911,318,927,310,935,293,940,179,940,163,944,118,944,102,940,94,931,90,919,94,899,98,895,98,891,106,887,110,883,126,879,208,879,224,875,289,875,0.833381180196512
1414,798,1427,806,1431,810,1439,827,1443,839,1443,843,1447,855,1447,859,1439,891,1431,903,1427,907,1410,915,1398,919,1374,919,1361,923,1337,923,1325,919,1317,923,1264,923,1247,919,1068,919,1056,923,1048,923,1031,919,1019,911,1015,907,1007,891,1003,879,1003,831,1011,815,1027,798,1043,790,1060,786,1068,790,1166,790,1182,794,1312,794,1329,798,1333,798,1345,794,1398,794,0.8701729023113216
571,742,558,738,363,738,351,734,249,734,228,726,220,718,212,706,212,677,220,665,228,657,249,649,273,649,277,645,289,649,298,645,355,645,359,649,363,645,379,645,383,649,448,649,457,653,534,653,538,649,554,649,558,653,562,649,571,649,579,653,587,649,603,649,607,653,656,653,668,657,677,661,689,669,693,685,693,710,689,726,677,734,660,742,0.8728217289551793
2254,548,2258,552,2266,552,2283,569,2291,585,2295,601,2295,637,2287,661,2279,673,2266,685,2242,694,2189,694,2168,690,2152,694,2140,694,2107,702,2087,702,2067,698,2046,702,2030,698,2026,694,2018,694,2001,677,1993,661,1989,645,1989,605,1993,589,2001,577,2018,560,2034,552,2050,548,2087,548,2103,544,2140,544,2156,548,2177,548,2193,544,2234,544,0.7353070684625219
151,657,139,645,130,633,126,621,126,597,130,581,143,569,155,560,175,552,212,552,224,548,240,548,257,552,289,552,302,548,420,548,432,544,481,544,493,540,526,540,546,536,550,540,554,540,571,544,587,560,595,573,599,585,599,601,595,617,575,637,562,645,550,649,526,649,514,653,477,653,465,657,416,657,404,661,277,661,265,665,196,665,179,661,167,661,0.8762386277891123
938,641,925,633,921,629,913,613,909,601,909,589,905,577,909,560,913,556,913,552,921,540,929,532,946,524,958,520,1382,520,1398,524,1406,528,1427,548,1431,556,1435,573,1431,585,1431,597,1427,613,1414,629,1402,637,1378,645,954,645,0.867362493620469
1427,577,1423,560,1423,556,1427,536,1435,528,1435,524,1447,508,1463,500,1467,500,1471,496,1488,492,1496,492,1512,488,1639,488,1655,484,1700,484,1716,480,1745,480,1765,484,1785,504,1793,516,1802,540,1802,585,1798,605,1785,621,1769,629,1765,629,1761,633,1745,637,1663,637,1647,641,1488,641,1467,637,1463,633,1459,633,1443,621,1435,605,1427,581,0.8986898099348665
