2911,2886,2819,2886,2794,2882,2778,2874,2758,2861,2738,2845,2722,2812,2714,2784,2710,2755,2714,2715,2722,2690,2734,2670,2754,2654,2774,2645,2835,2629,2855,2625,3133,2621,3161,2617,3177,2613,3226,2613,3258,2605,3347,2601,3387,2592,3411,2588,3468,2588,3532,2580,3548,2580,3601,2584,3625,2592,3645,2605,3661,2625,3673,2645,3685,2678,3690,2715,3685,2739,3669,2772,3637,2812,3613,2821,3569,2833,3552,2837,3411,2841,3411,2837,3367,2845,3347,2849,3319,2845,3306,2849,3282,2853,3274,2853,3177,2865,3153,2861,3117,2870,3093,2874,3085,2870,2976,2882,2935,2882,0.7929350870108369
1702,2543,1710,2560,1710,2576,1706,2588,1690,2596,1145,2592,1101,2601,270,2609,258,2605,254,2601,246,2588,242,2576,254,2552,262,2543,270,2539,1690,2539,0.7744488342436151
2125,2572,2121,2568,2117,2552,2117,2535,2121,2519,2125,2515,2141,2511,2274,2511,2286,2507,2306,2511,2319,2507,2331,2511,2339,2507,2665,2507,2681,2511,2690,2519,2694,2535,2694,2543,2690,2556,2665,2568,2347,2568,2331,2572,2282,2572,2266,2576,2145,2576,0.8233547695025928
669,2458,601,2458,581,2462,452,2462,431,2466,419,2466,399,2470,383,2470,363,2466,347,2458,339,2450,331,2433,327,2413,327,2372,331,2352,339,2336,351,2319,367,2307,573,2307,593,2303,677,2303,698,2299,730,2299,750,2295,806,2295,827,2299,843,2307,855,2319,863,2336,867,2364,863,2397,859,2409,855,2417,843,2433,827,2446,819,2446,798,2450,774,2450,754,2454,690,2454,0.8923268984250032
1484,2429,1371,2429,1351,2433,1161,2433,1141,2438,1109,2438,1101,2433,1016,2433,1004,2438,980,2438,960,2433,944,2425,927,2409,919,2393,915,2372,915,2344,919,2323,927,2307,940,2295,964,2283,980,2279,992,2279,1331,2283,1351,2279,1407,2279,1548,2274,1569,2270,1677,2270,1706,2279,1718,2287,1730,2299,1738,2319,1742,2340,1742,2356,1738,2380,1730,2401,1718,2413,1702,2421,1685,2425,1504,2425,0.8969246442485436
2609,2409,2556,2409,2536,2405,2448,2405,2427,2401,2319,2401,2298,2397,2286,2389,2278,2380,2266,2364,2266,2323,2270,2303,2274,2295,2274,2291,2282,2279,2286,2274,2302,2262,2464,2262,2468,2258,2524,2258,2544,2262,2577,2262,2581,2258,2625,2258,2629,2254,2665,2254,2685,2258,2698,2266,2706,2274,2718,2299,2718,2303,2726,2315,2726,2364,2722,2385,2714,2397,2710,2401,2694,2413,2629,2413,0.8563565276478821
3016,2336,3004,2336,2944,2340,2895,2352,2855,2352,2823,2344,2806,2348,2794,2348,2774,2344,2762,2340,2750,2323,2750,2299,2754,2287,2762,2274,2778,2266,2794,2262,2810,2262,2819,2266,2823,2262,2835,2254,2867,2242,2875,2242,3000,2234,3044,2226,3161,2221,3169,2217,3266,2217,3274,2213,3355,2213,3363,2209,3512,2209,3532,2213,3544,2221,3556,2234,3560,2242,3560,2246,3565,2262,3565,2283,3560,2291,3548,2303,3540,2307,3516,2315,3504,2315,3157,2323,3149,2327,3056,2327,0.831194381956392
415,2299,294,2299,278,2303,266,2307,254,2307,238,2311,218,2311,202,2307,190,2299,177,2287,169,2270,165,2258,165,2242,169,2226,177,2213,185,2205,210,2197,222,2197,234,2189,246,2185,258,2185,270,2181,310,2181,323,2177,407,2177,419,2173,839,2164,855,2168,871,2168,891,2177,903,2185,915,2197,923,2217,923,2246,915,2266,907,2279,895,2291,871,2299,810,2295,802,2291,540,2291,528,2295,427,2295,0.8778433907709914
1242,2128,1569,2124,1589,2124,1609,2128,1625,2136,1629,2140,1637,2152,1637,2160,1641,2173,1641,2181,1637,2193,1633,2209,1621,2221,1609,2230,1589,2238,1173,2238,1161,2242,1056,2246,1040,2242,1024,2226,1016,2213,1012,2201,1012,2181,1016,2164,1032,2148,1044,2140,1056,2136,1133,2136,1145,2132,1230,2132,0.8719909121585728
2190,2230,2177,2221,2169,2205,2173,2197,2169,2193,2169,2181,2173,2164,2198,2148,2214,2140,2310,2136,2319,2132,2351,2132,2359,2128,2399,2128,2407,2124,2496,2124,2512,2120,2516,2120,2633,2115,2641,2111,2782,2107,2790,2103,2859,2103,2875,2107,2899,2144,2895,2156,2895,2168,2891,2185,2879,2197,2863,2201,2855,2201,2847,2205,2669,2209,2661,2213,2560,2213,2552,2217,2496,2217,2488,2221,2431,2221,2423,2226,2367,2226,2359,2230,2335,2230,2327,2234,2230,2238,2210,2238,0.8856155250691768
1819,2095,1823,2099,1827,2099,1839,2111,1839,2115,1843,2124,1851,2136,1855,2148,1855,2177,1851,2193,1839,2205,1827,2213,1819,2217,1806,2221,1774,2221,1762,2226,1726,2226,1710,2221,1698,2209,1690,2197,1685,2185,1681,2177,1681,2168,1677,2156,1677,2136,1681,2120,1694,2107,1706,2099,1718,2095,1774,2095,1786,2091,1802,2091,0.8467894794159039
3222,2173,3169,2173,3161,2177,3089,2177,3081,2181,3052,2181,3044,2185,3004,2185,2988,2177,2980,2168,2972,2152,2972,2132,2968,2124,2968,2107,2976,2095,2984,2087,2992,2083,3008,2079,3032,2079,3040,2075,3185,2075,3194,2071,3210,2075,3218,2071,3258,2071,3335,2067,3343,2062,3387,2062,3395,2058,3472,2058,3484,2054,3540,2050,3548,2046,3565,2046,3581,2050,3593,2062,3601,2075,3605,2091,3605,2111,3601,2128,3597,2136,3589,2148,3569,2152,3560,2156,3552,2156,3444,2160,3435,2164,3359,2164,3351,2168,3230,2168,0.856966310301623
496,2111,464,2111,448,2115,351,2120,335,2124,319,2124,302,2128,274,2128,254,2124,242,2115,234,2107,226,2091,222,2079,218,2042,214,2030,218,2014,226,2001,234,1993,250,1985,266,1981,306,1981,323,1977,391,1977,407,1973,456,1973,472,1969,601,1969,617,1965,681,1965,698,1961,782,1961,802,1957,815,1957,827,1961,867,1961,887,1965,903,1981,911,1993,919,2010,919,2030,915,2038,915,2042,911,2062,891,2083,875,2091,855,2095,770,2095,754,2099,706,2099,690,2103,621,2103,601,2107,512,2107,0.9158059286853234
2403,2083,2367,2083,2363,2087,2294,2087,2290,2091,2242,2091,2238,2095,2198,2095,2181,2091,2165,2075,2157,2058,2153,2042,2153,2034,2157,2018,2169,2001,2190,1981,2210,1981,2214,1977,2270,1977,2274,1973,2286,1973,2371,1969,2375,1965,2448,1965,2452,1961,2488,1961,2492,1957,2548,1957,2552,1952,2585,1952,2589,1948,2609,1948,2613,1944,2649,1944,2665,1948,2681,1961,2690,1973,2694,1993,2694,2022,2690,2038,2673,2054,2665,2058,2649,2062,2548,2067,2544,2071,2504,2071,2500,2075,2468,2075,2464,2079,2407,2079,0.8883193632826666
3403,2046,3391,2054,3367,2062,3278,2062,3262,2058,3250,2058,3234,2054,3190,2054,3173,2050,3161,2046,3157,2042,3153,2042,3141,2030,3133,2010,3129,2001,3129,1993,3133,1977,3137,1973,3137,1969,3149,1957,3161,1948,3173,1944,3181,1944,3194,1940,3198,1940,3206,1944,3214,1940,3222,1944,3246,1944,3258,1940,3327,1940,3343,1936,3347,1940,3359,1936,3367,1940,3379,1940,3395,1944,3415,1965,3423,1977,3427,1989,3427,2005,3419,2030,0.7678338647820055
3081,2038,3073,2042,2815,2042,2798,2038,2790,2034,2778,2022,2770,2005,2770,1985,2774,1969,2782,1957,2794,1944,2810,1940,3069,1940,3085,1944,3093,1948,3109,1965,3117,1981,3117,1997,3113,2014,3109,2022,3097,2034,0.8419861562790409
1274,2050,1214,2050,1210,2054,1169,2054,1165,2058,1121,2058,1117,2062,1077,2062,1073,2067,1040,2067,1020,2054,1000,2034,1000,1993,1004,1977,1032,1948,1040,1948,1044,1944,1133,1944,1137,1940,1198,1940,1202,1936,1258,1936,1262,1932,1315,1932,1319,1928,1367,1928,1371,1924,1435,1924,1452,1928,1464,1940,1472,1952,1480,1973,1480,1993,1476,2010,1460,2026,1444,2034,1427,2038,1391,2038,1387,2042,1343,2042,1339,2046,1278,2046,0.8825342699792152
669,1908,661,1924,649,1932,633,1940,387,1940,379,1944,202,1944,185,1940,173,1932,161,1920,157,1904,157,1887,161,1871,173,1859,185,1851,202,1846,347,1846,355,1842,452,1842,460,1838,544,1838,552,1834,633,1834,649,1838,657,1842,673,1867,673,1891,0.8543114573629302
2621,1818,2633,1826,2649,1842,2653,1851,2657,1871,2657,1875,2661,1895,2657,1912,2653,1924,2641,1936,2625,1944,2613,1948,2411,1948,2395,1944,2383,1944,2363,1948,2306,1948,2286,1952,2177,1952,2153,1944,2141,1936,2125,1920,2121,1912,2117,1891,2117,1855,2121,1834,2141,1814,2149,1810,2169,1806,2222,1806,2242,1810,2391,1810,2411,1806,2427,1810,2601,1810,0.883502515735607
1149,1932,1117,1932,1097,1936,1089,1940,968,1944,956,1948,923,1948,911,1952,831,1952,815,1957,762,1957,746,1944,734,1932,726,1920,722,1899,726,1895,726,1891,722,1879,730,1867,742,1855,750,1851,766,1846,831,1846,843,1842,923,1838,935,1834,1052,1830,1060,1826,1113,1822,1133,1818,1157,1818,1169,1814,1198,1814,1210,1810,1246,1810,1254,1806,1315,1802,1327,1798,1351,1798,1363,1793,1391,1793,1411,1789,1423,1798,1440,1810,1452,1822,1456,1838,1456,1863,1452,1879,1440,1891,1419,1904,1387,1908,1375,1912,1339,1912,1327,1916,1302,1916,1290,1920,1246,1920,1234,1924,1206,1924,1185,1928,1161,1928,0.8891793562747685
3431,1895,3415,1891,3407,1887,3403,1883,3391,1859,3391,1822,3395,1806,3399,1798,3403,1793,3403,1789,3407,1785,3411,1777,3431,1773,3496,1773,3512,1777,3520,1781,3532,1789,3532,1798,3540,1814,3540,1830,3536,1838,3536,1863,3532,1879,3528,1887,3524,1891,3508,1899,3440,1899,0.8199598757250451
3028,1895,2984,1895,2980,1899,2944,1899,2940,1904,2895,1904,2891,1908,2859,1908,2855,1912,2827,1912,2823,1916,2794,1916,2790,1920,2770,1920,2766,1924,2750,1924,2734,1916,2722,1904,2718,1895,2714,1879,2714,1851,2718,1834,2722,1826,2734,1814,2754,1806,2758,1802,2806,1802,2810,1798,2851,1798,2855,1793,2903,1793,2907,1789,2915,1789,2964,1785,2968,1781,3000,1781,3004,1777,3065,1777,3069,1773,3097,1773,3101,1769,3141,1769,3145,1765,3181,1765,3185,1761,3226,1761,3230,1757,3242,1761,3246,1757,3262,1757,3282,1769,3306,1793,3306,1810,3310,1814,3310,1830,3302,1846,3294,1859,3282,1871,3266,1875,3190,1879,3185,1883,3149,1883,3145,1887,3089,1887,3085,1891,3032,1891,0.8697889380334637
1645,1765,1657,1761,1730,1761,1742,1757,1786,1757,1802,1753,1810,1753,1827,1757,1831,1761,1835,1761,1847,1769,1855,1777,1863,1793,1867,1810,1863,1818,1867,1830,1863,1838,1859,1851,1851,1863,1847,1867,1831,1875,1819,1879,1810,1879,1798,1883,1774,1883,1762,1887,1726,1887,1714,1891,1653,1891,1641,1895,1573,1895,1556,1891,1540,1879,1536,1867,1532,1859,1528,1846,1528,1818,1532,1802,1540,1789,1548,1781,1565,1773,1589,1765,0.901687731420469
1028,1724,1036,1732,1040,1749,1036,1765,1028,1777,1020,1781,992,1785,726,1785,677,1793,657,1789,423,1793,419,1793,403,1789,339,1798,331,1798,315,1793,302,1798,234,1798,226,1793,214,1798,202,1798,198,1793,185,1798,173,1798,165,1793,153,1777,149,1761,149,1749,153,1740,161,1732,177,1728,282,1732,298,1728,387,1728,407,1736,415,1736,435,1728,444,1728,544,1732,565,1728,633,1736,706,1724,714,1724,730,1728,742,1724,1008,1720,1016,1720,0.7779415019716637
2359,1773,2298,1773,2282,1777,2222,1777,2210,1781,2153,1781,2137,1777,2129,1769,2125,1753,2125,1732,2129,1720,2137,1712,2149,1708,2532,1708,2548,1704,2710,1704,2726,1700,2964,1700,2980,1704,2984,1708,2988,1724,2988,1732,2984,1749,2976,1757,2960,1761,2544,1765,2532,1769,2371,1769,0.8196172363243424
2528,1345,2540,1349,2544,1353,2548,1353,2560,1365,2569,1386,2569,1390,2573,1402,2573,1414,2569,1431,2556,1443,2536,1451,2524,1455,2492,1455,2480,1459,2444,1459,2431,1463,2363,1463,2351,1467,2246,1467,2230,1463,2218,1451,2210,1439,2202,1418,2202,1410,2206,1394,2210,1390,2210,1382,2222,1370,2234,1361,2246,1357,2250,1357,2262,1353,2298,1353,2310,1349,2440,1349,2452,1345,2472,1345,2484,1341,2512,1341,0.8828989907616094
3044,1496,3020,1500,2992,1500,2968,1504,2944,1504,2919,1508,2895,1508,2871,1512,2819,1512,2794,1516,2774,1516,2754,1520,2734,1520,2722,1512,2718,1512,2698,1500,2685,1484,2681,1471,2677,1451,2669,1418,2669,1398,2673,1378,2685,1357,2702,1345,2710,1341,2734,1337,2847,1333,2867,1329,2940,1325,2964,1321,2992,1321,3016,1317,3069,1317,3093,1312,3113,1312,3137,1308,3210,1308,3234,1304,3246,1304,3270,1308,3278,1312,3298,1325,3306,1345,3310,1357,3310,1361,3315,1386,3315,1423,3310,1443,3294,1467,3278,1480,3258,1492,3222,1492,0.9069865024724408
512,1406,500,1418,496,1418,488,1423,464,1423,456,1427,423,1427,415,1431,375,1431,367,1435,335,1435,327,1439,310,1439,298,1435,290,1431,278,1423,278,1414,270,1402,270,1370,274,1353,278,1345,286,1337,310,1325,375,1325,383,1321,427,1321,435,1317,472,1317,488,1321,496,1325,500,1329,512,1337,512,1345,520,1361,520,1394,0.8859186034714461
1121,1390,1113,1394,1105,1394,976,1398,964,1402,887,1406,879,1410,871,1410,770,1414,762,1418,722,1418,714,1423,669,1423,661,1427,641,1427,633,1431,613,1431,593,1423,581,1410,573,1390,573,1365,577,1349,589,1337,605,1329,621,1325,714,1321,722,1317,762,1317,770,1312,815,1312,827,1308,911,1304,919,1300,927,1300,1044,1296,1052,1292,1097,1292,1105,1288,1137,1288,1157,1292,1169,1300,1177,1312,1181,1329,1181,1345,1177,1361,1173,1370,1165,1382,1141,1390,0.8851827086608222
1476,1255,1480,1260,1484,1260,1496,1272,1504,1292,1504,1296,1508,1304,1504,1308,1504,1325,1500,1341,1488,1353,1476,1361,1468,1365,1456,1370,1431,1370,1419,1374,1387,1374,1375,1378,1331,1378,1319,1382,1254,1382,1238,1378,1226,1365,1218,1353,1214,1341,1214,1337,1210,1329,1210,1321,1214,1304,1218,1300,1218,1296,1230,1284,1242,1276,1246,1276,1250,1272,1262,1268,1266,1268,1278,1264,1310,1264,1323,1260,1375,1260,1387,1255,1415,1255,1427,1251,1460,1251,0.8843737573219496
1641,1247,1673,1247,1681,1243,1722,1243,1730,1239,1762,1239,1770,1235,1794,1235,1802,1231,1827,1231,1843,1235,1843,1239,1851,1239,1855,1247,1863,1255,1871,1268,1875,1276,1875,1284,1879,1288,1879,1292,1875,1308,1867,1312,1863,1317,1851,1325,1843,1329,1835,1329,1827,1333,1798,1333,1790,1337,1762,1337,1754,1341,1722,1341,1714,1345,1685,1345,1677,1349,1649,1349,1641,1353,1585,1353,1569,1349,1560,1337,1552,1321,1552,1317,1548,1308,1548,1300,1552,1284,1556,1284,1556,1276,1581,1260,1597,1251,1633,1251,0.8798343531246817
2633,1365,2621,1361,2605,1365,2419,1365,2399,1361,2359,1361,2327,1370,2230,1370,2214,1365,2185,1349,2177,1341,2161,1308,2153,1284,2153,1272,2149,1247,2153,1227,2165,1211,2190,1194,2210,1182,2315,1182,2339,1178,2399,1178,2419,1174,2540,1174,2565,1170,2722,1170,2746,1166,2782,1166,2790,1162,2810,1158,2851,1154,2871,1158,2899,1170,2911,1182,2923,1202,2927,1223,2931,1280,2923,1312,2919,1321,2907,1337,2887,1349,2863,1357,2843,1361,2706,1357,2690,1361,2653,1361,0.8987651941118355
194,1296,181,1288,173,1272,169,1247,173,1227,181,1215,194,1202,206,1202,270,1198,306,1190,315,1190,516,1182,528,1178,609,1174,621,1170,859,1154,867,1149,940,1149,956,1154,968,1166,972,1174,976,1198,972,1219,964,1231,952,1243,944,1243,915,1247,903,1251,895,1251,798,1255,790,1260,754,1260,746,1264,710,1264,702,1268,661,1268,649,1272,560,1276,520,1284,512,1284,335,1292,327,1296,286,1296,278,1300,206,1300,0.8789500244348578
1500,1211,1496,1219,1484,1227,1464,1231,1383,1231,1375,1235,1302,1235,1294,1239,1222,1239,1214,1243,1141,1243,1133,1247,1089,1247,1073,1243,1065,1239,1052,1231,1052,1223,1044,1211,1044,1178,1048,1162,1056,1149,1065,1149,1077,1141,1161,1141,1169,1137,1274,1137,1282,1133,1371,1133,1379,1129,1435,1129,1444,1125,1460,1125,1468,1129,1484,1133,1496,1141,1504,1154,1508,1174,1508,1198,0.8943288955026996
3694,1141,3706,1145,3754,1170,3770,1182,3782,1207,3790,1239,3790,1272,3778,1317,3770,1337,3758,1349,3742,1361,3722,1370,3702,1374,3653,1370,3597,1382,3560,1382,3552,1386,3512,1410,3500,1414,3496,1414,3476,1418,3464,1414,3448,1418,3423,1423,3399,1414,3379,1402,3363,1386,3355,1365,3351,1337,3355,1317,3359,1308,3339,1308,3319,1312,3157,1329,3105,1341,3089,1341,3048,1337,3024,1329,3004,1308,2988,1284,2976,1264,2976,1231,2984,1198,2996,1178,3012,1162,3040,1149,3315,1117,3552,1072,3577,1072,3597,1080,3613,1096,3629,1117,3637,1137,3637,1141,3657,1137,3669,1137,0.7961111273575735
1625,1096,1649,1096,1653,1092,1710,1092,1714,1088,1758,1088,1762,1084,1802,1084,1806,1080,1831,1080,1835,1076,1855,1076,1859,1072,1895,1072,1899,1068,1931,1068,1935,1064,1964,1064,1968,1060,1988,1060,2004,1064,2016,1072,2028,1084,2040,1101,2040,1158,2036,1178,2028,1190,2024,1194,2008,1207,1988,1207,1984,1211,1944,1211,1940,1215,1907,1215,1903,1219,1875,1219,1871,1223,1843,1223,1839,1227,1778,1227,1774,1231,1746,1231,1742,1235,1710,1235,1706,1239,1641,1239,1621,1235,1605,1219,1597,1207,1589,1182,1589,1145,1593,1125,1609,1109,0.9058539931097195
2633,1121,2573,1121,2560,1125,2528,1125,2516,1129,2476,1129,2464,1133,2411,1133,2399,1137,2359,1137,2347,1141,2323,1141,2310,1145,2270,1145,2254,1141,2238,1125,2234,1117,2230,1101,2230,1072,2234,1056,2246,1043,2258,1035,2270,1031,2294,1031,2306,1027,2351,1027,2363,1023,2399,1023,2411,1019,2456,1019,2468,1015,2512,1015,2524,1011,2601,1011,2613,1007,2657,1007,2669,1003,2726,1003,2742,1007,2758,1023,2766,1035,2770,1048,2770,1076,2766,1092,2750,1109,2742,1113,2726,1117,2645,1117,0.8940094996979283
1069,946,1081,958,1089,970,1093,986,1093,999,1089,1015,1081,1031,1060,1043,1012,1056,1008,1056,694,1084,637,1096,633,1096,444,1117,319,1145,306,1145,274,1141,258,1137,246,1125,242,1113,234,1080,234,1056,242,1035,254,1023,266,1015,290,1007,302,1007,403,1003,435,995,444,990,512,990,512,995,536,986,544,986,556,982,617,982,617,986,669,974,677,970,726,970,726,974,774,966,778,962,815,962,827,958,891,958,891,962,1008,942,1052,942,0.8766852845494137
2948,832,2960,840,2968,848,2972,856,2976,872,2976,897,2972,913,2960,925,2944,929,2915,929,2907,933,2899,933,2665,942,2657,946,2565,946,2556,950,2544,950,2427,958,2419,962,2359,962,2347,966,2286,970,2278,974,2234,974,2226,978,2198,978,2181,974,2169,966,2157,954,2153,938,2153,913,2157,897,2169,885,2185,876,2202,872,2210,876,2242,868,2250,868,2351,864,2359,860,2399,860,2407,856,2468,856,2476,852,2540,852,2548,848,2609,848,2617,844,2625,844,2855,836,2863,832,2903,832,2911,827,2927,827,0.8796852484105628
972,819,988,827,1000,836,1004,852,1004,860,1000,885,996,901,980,913,968,917,956,917,847,921,839,925,718,925,710,929,621,929,613,933,605,933,399,938,391,942,218,942,202,938,190,929,181,917,177,897,177,885,181,864,190,852,202,844,218,840,548,836,556,832,661,832,669,827,730,827,738,823,806,823,815,819,899,819,907,815,956,815,0.8893102873076152
3052,925,3040,913,3032,893,3032,889,3028,880,3028,868,3036,848,3048,832,3060,819,3077,815,3085,819,3101,819,3113,815,3375,811,3387,807,3512,803,3524,799,3573,799,3593,807,3605,815,3617,827,3621,844,3621,868,3617,885,3601,901,3593,905,3577,909,3552,909,3540,913,3363,917,3351,921,3298,921,3286,925,3185,925,3173,929,3125,929,3113,933,3085,933,3069,929,3060,929,0.8876065711970582
1294,803,1298,803,1315,807,1339,815,1347,823,1351,823,1363,836,1371,848,1375,864,1367,880,1355,893,1351,893,1339,905,1319,913,1306,913,1282,921,1250,921,1238,925,1137,925,1129,921,1125,921,1109,917,1093,901,1085,889,1081,876,1081,872,1077,860,1081,852,1081,844,1085,827,1101,811,1113,803,1129,799,1202,799,1218,803,1262,803,1278,799,1286,799,0.8044226201005684
1746,933,1653,933,1633,929,1613,929,1589,933,1569,929,1504,929,1480,933,1460,929,1399,929,1375,921,1359,913,1343,901,1331,885,1327,864,1327,844,1331,823,1343,803,1351,795,1367,783,1387,770,1407,762,1411,762,1435,758,1460,758,1484,754,1907,750,1931,746,1944,746,1968,742,1992,742,2012,746,2032,758,2040,766,2052,783,2056,807,2056,868,2052,889,2040,909,2032,917,2016,929,1992,933,1774,938,1766,938,0.9062208787128931
1286,713,1298,726,1302,738,1302,754,1294,762,1278,774,1266,779,1210,774,1085,783,952,779,734,787,669,779,605,783,198,774,190,774,177,770,169,762,165,750,165,734,169,721,177,713,185,713,843,721,1266,709,1274,709,0.8176676446246588
3202,774,3185,770,3169,770,3157,774,3145,770,3137,774,3032,774,3020,779,2944,779,2927,774,2915,762,2911,750,2915,734,2923,721,2931,713,3065,713,3081,709,3194,709,3206,705,3226,709,3242,713,3246,717,3254,734,3254,746,3250,762,3246,766,3214,774,0.8661041665714956
2508,717,2540,717,2548,721,2565,721,2593,713,2843,713,2855,717,2871,726,2879,734,2883,746,2883,758,2879,770,2871,779,2855,787,2843,791,2823,791,2810,787,2798,791,2790,787,2698,787,2681,791,2673,787,2536,787,2528,791,2500,791,2488,787,2423,787,2407,791,2403,787,2391,791,2387,791,2375,787,2331,787,2323,791,2306,791,2294,787,2266,787,2258,791,2246,791,2238,787,2230,791,2222,787,2129,787,2125,783,2113,774,2101,762,2097,750,2101,730,2109,713,2117,705,2129,701,2161,701,2194,709,2218,709,2226,713,2496,713,0.8417049167145374
694,632,669,632,657,636,544,636,532,640,411,640,395,636,383,628,367,611,359,595,355,583,355,567,359,550,371,534,387,522,411,514,629,514,645,510,657,514,669,510,677,514,903,514,919,510,927,514,972,514,988,510,996,514,1000,514,1016,518,1032,530,1040,554,1044,571,1040,579,1040,591,1036,607,1028,620,1020,628,1004,636,992,640,847,640,831,636,710,636,0.8851308281658686
3343,416,3347,420,3355,420,3371,432,3383,444,3395,461,3395,465,3403,477,3411,518,3411,522,3407,534,3403,554,3391,571,3383,579,3367,591,3363,591,3359,595,3355,595,3351,599,3331,603,3258,603,3246,599,3230,603,3190,603,3169,599,3165,595,3161,595,3145,583,3133,567,3133,562,3129,558,3125,538,3125,481,3129,461,3133,457,3133,448,3145,432,3161,420,3165,420,3169,416,3190,412,3218,412,3238,416,3294,416,3315,412,3323,412,0.8574359886281724
2234,554,2222,571,2218,575,2202,587,2198,587,2194,591,2153,599,2073,599,2052,595,2008,595,1988,591,1984,587,1976,587,1960,575,1948,558,1944,538,1944,534,1940,522,1940,469,1944,448,1956,432,1972,420,1976,420,1980,416,2000,412,2069,412,2089,416,2177,416,2198,420,2214,432,2218,436,2230,452,2230,461,2234,465,2238,485,2238,534,0.8559142565107801
2625,522,2625,530,2621,550,2613,571,2609,575,2589,583,2548,591,2484,591,2464,595,2395,595,2375,591,2355,583,2347,575,2339,554,2335,534,2335,469,2339,448,2347,428,2355,420,2375,412,2395,408,2556,408,2577,412,2597,420,2605,428,2613,448,2613,452,2617,465,2621,485,2621,501,0.876850508259063
2915,408,2927,404,2952,404,2992,412,3008,424,3012,428,3024,444,3028,465,3028,473,3032,493,3032,501,3036,522,3036,526,3032,538,3028,558,3016,575,3012,579,2996,591,2976,595,2944,595,2923,591,2887,591,2867,587,2863,587,2843,591,2802,591,2782,587,2778,583,2770,583,2754,571,2742,554,2742,550,2738,546,2734,526,2734,461,2738,440,2750,424,2758,416,2774,404,2794,399,2810,399,2831,404,2899,404,0.8885858281775638
1710,416,1806,416,1835,424,1847,432,1863,448,1871,477,1871,530,1867,550,1855,567,1847,575,1831,587,1810,591,1806,591,1786,595,1613,595,1593,591,1589,587,1581,587,1565,575,1560,571,1548,554,1544,534,1540,522,1544,501,1544,461,1548,440,1560,424,1565,420,1581,408,1589,408,1593,404,1613,399,1633,404,1637,404,1657,408,1661,408,1681,412,1690,412,0.8698649850844011
1161,603,1141,599,1121,587,1105,567,1097,538,1093,530,1093,452,1097,432,1113,408,1121,399,1141,387,1165,379,1173,379,1194,383,1210,383,1230,387,1391,387,1411,391,1415,395,1419,395,1440,408,1456,428,1456,432,1460,440,1468,465,1468,501,1472,510,1468,530,1468,534,1464,554,1452,575,1431,591,1395,603,0.9018105990912791
3653,424,3657,428,3661,428,3677,444,3685,457,3690,469,3690,477,3694,489,3690,493,3685,510,3669,526,3657,534,3637,538,3609,538,3593,534,3577,534,3560,530,3516,530,3496,534,3480,534,3464,522,3435,493,3427,473,3427,469,3431,452,3440,444,3440,440,3456,424,3468,416,3472,416,3476,412,3480,412,3484,408,3504,404,3508,408,3552,408,3569,412,3593,412,3609,416,3637,416,0.8011826557982745
835,379,839,375,843,375,851,379,855,375,907,375,923,383,931,391,940,408,940,424,935,432,931,444,923,457,742,457,734,461,722,461,718,457,714,461,681,461,669,452,665,436,661,428,661,412,669,395,669,391,677,379,702,379,710,375,714,375,722,379,726,375,730,375,738,379,786,379,790,375,827,375,0.8736555521361163
1605,408,1585,399,1577,395,1569,387,1560,367,1560,355,1569,334,1581,322,1593,318,1637,318,1653,322,1762,322,1770,326,1774,326,1782,330,1794,334,1806,346,1810,359,1810,375,1802,395,1794,404,1774,412,1641,412,1625,408,0.78539966339197
3339,338,3347,355,3347,371,3339,387,3331,395,3315,404,3274,404,3266,399,3218,399,3210,395,3198,395,3181,387,3173,379,3165,363,3161,359,3161,346,3181,326,3198,318,3250,318,3258,322,3310,322,3335,334,0.7934149740435553
2153,346,2157,359,2165,371,2165,383,2161,387,2157,395,2149,408,2137,408,2129,412,2121,412,2113,416,2085,416,2081,412,2073,408,2069,408,2052,399,2048,395,2040,391,2028,383,2028,355,2036,338,2044,330,2060,322,2065,322,2073,318,2105,318,2109,322,2113,322,2145,338,0.7265012536059927
2496,322,2609,322,2625,318,2645,322,2657,330,2665,338,2665,359,2661,375,2653,387,2645,395,2629,395,2609,399,2427,399,2407,395,2343,395,2319,387,2306,379,2302,375,2298,355,2298,346,2302,326,2310,318,2331,314,2379,314,2391,318,2484,318,0.8188438833888021
2968,387,2952,395,2887,395,2879,391,2806,391,2794,387,2786,383,2774,371,2766,355,2766,351,2774,334,2778,330,2778,326,2782,322,2798,314,2815,314,2819,310,2831,314,2887,314,2895,318,2899,314,2911,318,2915,314,2927,318,2952,318,2968,326,2976,334,2984,351,2984,359,2972,383,0.8109215864629457
1323,391,1250,391,1242,387,1177,387,1153,375,1145,367,1137,355,1137,342,1141,338,1145,326,1153,314,1165,314,1173,310,1230,310,1238,314,1359,314,1363,318,1367,314,1371,314,1379,318,1383,314,1395,314,1399,318,1403,318,1415,322,1427,330,1427,363,1419,379,1411,387,1395,395,1327,395,0.8168642930764572
1847,240,1835,257,1831,261,1815,273,1794,277,1653,277,1633,273,1613,273,1593,277,1573,273,1556,269,1540,257,1532,249,1520,232,1516,212,1516,167,1520,147,1524,143,1524,135,1536,118,1540,114,1556,102,1577,98,1633,98,1653,102,1794,102,1815,106,1831,118,1835,122,1847,139,1851,159,1851,220,0.9000134054625907
2593,98,2601,102,2613,110,2629,122,2637,143,2637,192,2641,212,2641,216,2637,236,2629,257,2621,265,2601,273,2581,277,2379,277,2359,273,2343,265,2335,257,2327,236,2323,216,2323,196,2327,175,2327,159,2331,139,2339,118,2343,114,2343,110,2363,98,2383,94,2427,94,2448,98,2472,98,2492,94,2573,94,0.9001285239660075
3500,257,3472,257,3452,261,3411,261,3391,265,3290,265,3270,269,3210,269,3190,273,3173,273,3165,269,3161,269,3157,265,3145,261,3133,253,3117,240,3113,224,3109,220,3105,200,3105,155,3109,135,3121,118,3129,110,3145,98,3165,94,3194,94,3214,98,3343,98,3359,102,3371,98,3536,94,3556,90,3565,94,3573,90,3581,94,3589,90,3597,94,3605,90,3645,90,3665,94,3681,98,3698,110,3710,126,3710,135,3714,139,3718,159,3718,163,3722,183,3718,200,3714,220,3702,236,3685,249,3669,253,3649,257,3629,253,3520,253,0.8755940798972105
2980,94,2996,98,3012,110,3016,114,3028,130,3028,139,3032,143,3036,163,3036,175,3040,196,3040,212,3036,232,3032,236,3032,240,3020,257,3004,269,2984,273,2859,273,2839,277,2786,277,2766,273,2750,261,2742,253,2730,236,2726,216,2726,159,2730,139,2734,135,2734,126,2746,110,2762,98,2766,98,2770,94,2790,90,2815,90,2835,94,2879,94,2899,90,2960,90,0.899061107818262
2173,102,2177,106,2181,106,2198,118,2202,122,2214,139,2214,147,2218,151,2222,171,2222,175,2226,196,2226,220,2222,240,2210,257,2206,261,2190,273,2169,277,2165,277,2145,281,2125,277,2056,277,2036,273,1976,273,1956,269,1940,257,1935,253,1923,236,1919,216,1919,151,1923,130,1927,126,1927,122,1940,106,1956,94,1976,90,2008,90,2028,94,2081,94,2101,98,2109,98,2129,94,2145,94,0.89790649489033
544,383,528,387,504,391,500,395,496,428,492,444,476,461,444,481,423,489,407,489,387,477,375,465,367,448,363,420,367,404,379,387,391,375,383,310,383,289,395,273,407,265,431,253,452,249,464,249,484,253,488,236,496,224,508,212,524,204,540,200,633,200,653,192,899,167,1040,135,1056,135,1089,143,1093,130,1105,118,1117,110,1149,98,1165,94,1375,94,1395,98,1407,106,1419,118,1427,135,1431,151,1431,196,1427,216,1423,224,1411,240,1395,253,1375,257,1133,253,1117,265,1101,269,984,281,964,289,952,293,875,298,806,314,798,314,734,318,577,359,565,371,0.7385041859263771
657,90,665,82,685,73,871,73,891,82,899,90,907,110,907,122,903,130,899,147,887,155,867,163,685,163,665,155,661,151,657,143,649,130,649,110,0.7926208937275759
3323,90,3306,98,3194,98,3169,86,3157,73,3149,57,3149,45,3153,33,3161,20,3173,20,3181,16,3246,16,3254,20,3258,16,3270,16,3274,20,3310,20,3323,24,3335,33,3335,49,3339,53,3339,61,3327,86,0.7885662424523113
1569,90,1560,82,1552,61,1552,45,1560,24,1565,20,1573,16,1593,8,1637,8,1641,12,1770,12,1778,16,1794,20,1802,33,1806,45,1806,69,1802,86,1790,94,1770,102,1593,102,0.812595481002653
2972,41,2972,53,2968,61,2964,65,2964,69,2956,77,2940,82,2835,82,2827,77,2786,77,2770,73,2762,65,2758,49,2758,37,2762,20,2766,16,2782,12,2940,12,2956,16,2968,29,0.7856719569076874
2504,90,2500,86,2492,90,2488,90,2480,86,2395,86,2391,82,2383,86,2379,86,2371,82,2327,82,2302,69,2294,61,2286,45,2286,41,2294,24,2302,16,2319,8,2415,8,2427,12,2431,8,2444,12,2621,12,2625,8,2641,12,2653,20,2661,33,2665,41,2665,53,2657,69,2649,77,2625,90,0.8070877314694042
2137,20,2141,37,2141,49,2137,65,2125,77,2113,77,2109,82,2093,86,2073,86,2056,82,2044,77,2040,73,2036,73,2028,65,2024,49,2024,41,2028,24,2036,16,2052,12,2060,12,2077,8,2101,8,2133,16,0.7435118783922756
1323,90,1173,90,1157,82,1145,73,1137,65,1133,53,1133,33,1137,20,1149,8,1161,4,1169,0,1403,0,1423,8,1427,12,1435,33,1435,41,1427,61,1419,69,1419,73,1415,77,1395,86,1335,86,0.700249816047074
