188,1033,189,1038,189,1039,188,1046,187,1049,187,1057,185,1060,184,1067,183,1068,183,1069,181,1073,179,1074,169,1079,164,1080,157,1080,152,1079,151,1078,148,1078,145,1075,142,1073,137,1063,136,1058,136,1039,137,1033,140,1030,146,1023,153,1020,159,1018,164,1020,173,1020,179,1021,183,1023,184,1025,188,1032,0.7182656252360947
370,726,373,727,386,729,387,729,391,730,397,732,404,737,406,738,409,744,412,753,412,760,410,765,410,766,409,771,408,775,407,782,404,786,404,787,401,794,396,798,388,801,385,801,380,802,370,802,355,800,349,798,346,798,339,797,338,797,334,796,333,796,329,795,321,794,320,792,318,792,312,789,308,784,305,780,302,774,302,766,304,751,305,749,305,748,307,745,307,743,308,740,308,739,309,737,309,735,312,732,314,727,319,722,326,719,339,719,346,721,347,721,351,722,352,722,356,723,368,726,0.8789702709672487
544,721,545,721,553,722,565,724,566,724,570,726,571,727,574,727,575,728,577,728,581,730,582,730,589,735,592,739,596,744,598,753,598,759,597,765,596,768,595,774,593,775,593,776,591,779,591,780,587,785,582,790,572,792,565,792,558,791,556,791,553,790,551,790,548,789,542,787,539,787,532,786,530,786,527,785,521,784,518,784,511,782,509,782,506,781,504,781,497,780,495,780,487,779,486,777,483,777,477,772,476,771,472,766,471,761,469,755,470,749,470,742,472,727,476,722,480,718,483,716,490,713,495,712,496,712,503,713,504,713,508,714,514,716,522,717,523,717,538,719,0.8891200296238936
210,705,214,703,245,703,253,705,263,709,270,714,274,721,278,728,279,739,278,753,278,755,277,764,274,770,271,777,266,784,258,787,250,791,242,794,231,794,223,792,189,792,181,791,179,791,172,790,167,789,152,787,143,786,140,785,121,784,116,784,93,779,91,779,83,777,78,776,56,774,49,772,35,768,27,764,21,758,15,748,12,738,12,729,14,723,14,719,15,711,17,705,23,693,28,686,35,681,43,679,66,679,98,686,143,693,159,698,168,700,183,703,0.8987361112675563
801,638,805,638,809,639,815,640,820,641,826,643,827,643,831,644,837,645,840,646,846,650,847,651,848,654,852,660,853,666,852,671,851,677,849,681,849,684,848,690,844,696,842,698,836,702,830,703,820,703,807,701,802,700,800,700,794,698,781,698,775,697,773,696,767,692,763,687,762,681,760,677,760,672,762,666,762,660,763,654,764,651,765,645,769,639,774,635,781,634,788,634,800,637,0.8861508610281581
700,651,666,650,659,649,645,649,639,648,622,648,614,646,606,643,602,640,596,643,591,643,584,644,577,643,574,643,568,641,543,641,537,640,517,639,511,638,506,634,502,627,500,618,498,609,498,603,500,598,504,590,507,587,512,583,519,582,525,582,530,583,534,585,551,585,558,586,559,586,565,587,570,587,576,588,584,588,589,590,592,591,596,591,603,592,608,595,618,592,639,592,645,593,699,596,705,597,717,597,723,598,729,602,733,607,734,612,736,619,736,625,734,629,733,637,731,643,727,648,721,650,717,651,711,653,704,653,0.8541207948515495
407,569,410,570,415,571,424,575,434,585,440,592,443,599,444,608,445,618,445,627,443,632,443,639,439,648,434,655,432,656,427,661,419,666,417,667,415,669,414,669,413,671,406,676,397,680,373,680,364,679,349,679,340,677,331,677,323,679,304,679,299,680,291,681,282,681,272,682,257,682,253,684,244,685,220,685,210,686,205,686,198,685,188,682,181,680,173,674,167,667,162,660,158,651,158,635,159,627,163,618,164,607,167,598,174,587,179,582,187,576,194,574,206,572,257,578,272,576,276,576,277,574,281,571,293,566,299,565,335,565,344,566,349,566,357,567,398,567,0.8258961538911606
90,616,88,617,83,617,75,616,66,616,61,617,53,617,46,616,40,614,32,609,31,608,27,602,25,593,25,588,23,586,23,570,25,562,27,556,30,552,31,551,37,548,46,545,82,545,89,546,105,546,113,548,135,548,142,549,150,554,152,556,156,562,158,571,158,572,157,577,157,595,156,602,151,609,150,611,143,614,135,617,130,618,129,618,121,617,94,617,0.9244347006606569
385,452,388,452,397,455,398,455,403,456,408,459,415,460,420,461,462,475,476,477,480,478,481,478,490,480,507,480,516,481,523,485,529,488,532,491,537,498,539,507,540,513,540,518,539,523,539,527,540,535,540,541,539,544,539,548,538,556,534,564,528,572,522,577,514,581,506,583,498,582,493,583,485,581,483,580,474,580,465,577,459,575,443,574,434,571,428,570,424,569,418,567,408,564,401,562,393,560,377,557,366,554,360,552,355,550,344,548,336,545,329,540,328,539,323,531,320,523,319,517,319,512,320,503,321,499,323,492,326,481,328,473,331,466,335,460,338,457,345,452,354,450,360,449,365,449,382,451,0.9031578729821634
666,467,675,468,681,470,684,471,692,472,700,475,706,476,711,477,722,481,755,488,763,491,764,492,767,492,772,493,778,496,783,499,788,506,791,512,791,527,790,529,789,534,788,536,785,545,781,552,775,557,772,560,765,564,758,564,751,562,744,561,738,559,729,557,725,556,716,552,711,551,710,551,702,549,684,545,680,544,674,543,673,543,668,541,660,539,653,538,647,535,640,534,638,533,631,531,622,529,614,528,607,525,600,524,593,522,589,515,586,512,582,506,582,498,584,481,586,471,590,465,595,459,601,455,610,454,614,454,622,455,626,456,631,457,634,460,644,461,654,463,0.915808643987834
200,445,206,445,214,446,221,446,229,447,266,447,273,449,281,452,284,455,287,457,292,463,294,471,294,508,292,515,291,518,286,525,281,529,279,530,272,534,265,535,257,535,250,534,246,533,230,533,223,531,219,531,211,530,171,530,163,529,145,529,137,528,130,524,126,522,124,519,119,513,116,506,116,503,115,501,115,497,114,493,114,487,113,485,113,471,115,463,115,461,119,454,121,450,124,447,130,442,137,440,156,440,163,441,168,441,176,442,182,442,189,444,197,444,0.9230702802230708
63,426,70,428,72,428,79,429,91,431,93,431,96,433,98,434,100,434,101,435,104,435,109,439,119,449,119,452,120,454,121,461,121,467,120,468,120,473,116,480,110,486,106,491,101,496,100,496,94,502,85,503,79,503,72,502,66,501,53,501,46,499,43,499,36,498,35,498,31,497,26,493,21,488,20,486,19,485,17,476,17,466,19,459,19,449,20,441,21,440,21,438,25,433,30,428,33,426,35,425,42,424,48,424,49,425,62,425,0.8205607200027409
555,425,503,425,465,431,460,433,433,433,428,434,402,434,393,435,388,434,382,433,373,430,366,425,361,418,359,412,355,400,354,383,354,377,355,371,356,363,359,355,368,340,376,336,385,334,388,334,398,331,424,331,430,330,476,328,483,326,493,326,500,325,548,324,556,323,570,323,577,321,595,321,603,323,612,328,623,335,627,342,629,351,631,356,631,387,629,396,626,404,619,410,612,415,605,419,596,421,570,423,561,424,0.9328429996633895
846,421,841,428,833,430,827,431,822,431,815,430,809,429,799,425,794,423,786,421,775,419,768,415,753,413,747,410,746,409,743,409,738,407,734,407,728,405,721,403,708,400,700,398,695,397,687,394,684,392,679,388,673,383,670,376,669,370,669,353,671,347,671,344,675,332,678,329,682,324,690,320,697,319,705,319,712,320,718,323,721,325,732,328,734,329,742,330,746,331,755,334,759,336,762,337,763,337,774,340,775,340,791,344,794,345,799,346,800,346,804,347,805,349,810,350,812,351,814,351,821,352,823,353,825,353,832,355,833,355,837,356,843,358,851,363,856,368,859,376,861,383,861,388,859,394,857,400,849,415,0.9072975523513304
284,382,272,382,265,381,247,381,240,379,239,378,236,378,230,373,224,367,223,358,223,341,225,326,230,320,236,314,245,313,252,313,260,314,263,314,271,315,277,315,284,316,289,316,297,318,305,318,313,319,315,319,323,320,324,320,331,321,333,323,335,323,340,326,345,331,345,332,347,335,349,344,349,356,347,361,347,362,346,370,341,376,334,383,325,384,310,384,303,383,292,383,0.9162795220267388
182,351,182,356,181,363,174,373,173,375,167,379,156,382,152,382,148,383,143,382,138,383,80,383,74,384,67,384,61,386,48,386,41,384,33,381,28,376,25,371,21,363,20,356,20,353,19,349,19,334,20,326,23,319,27,314,33,309,40,305,47,304,49,304,53,303,57,304,61,303,91,303,96,302,130,302,134,300,137,302,141,300,152,300,163,303,168,305,174,310,179,316,182,328,182,336,183,341,183,346,0.889771925919438
624,231,628,234,629,235,632,240,633,243,633,255,632,260,628,265,624,266,622,267,618,268,616,268,612,269,603,269,600,271,589,271,585,272,574,272,570,273,561,273,558,274,548,274,544,276,532,276,527,274,523,272,522,271,519,266,518,262,518,260,517,256,518,253,517,250,521,242,523,240,528,237,532,236,545,236,549,235,555,235,559,234,569,234,572,232,586,232,590,231,605,231,610,230,619,230,0.8803492260730675
806,268,805,272,805,276,804,282,800,288,795,293,790,295,783,298,779,298,773,297,772,297,765,295,762,294,758,294,752,293,749,293,743,292,738,290,737,290,731,289,727,289,708,286,705,286,699,284,695,284,689,283,685,283,679,282,678,281,675,281,668,276,666,274,663,268,659,257,659,252,660,246,660,243,661,237,664,232,666,229,668,226,674,221,682,219,690,219,696,220,699,220,705,221,707,221,713,222,715,222,721,224,723,224,729,225,734,225,741,226,746,226,752,227,758,227,764,229,765,229,772,230,780,230,786,231,791,232,797,236,802,242,806,253,0.8953422893301335
345,295,304,295,297,294,289,290,284,286,282,282,279,277,277,269,276,262,274,260,274,246,277,235,278,232,283,226,289,221,294,219,305,216,312,216,315,215,336,215,341,214,354,214,359,213,383,213,388,211,398,211,403,210,413,210,418,209,430,208,435,206,443,206,450,209,454,211,459,215,465,220,467,227,469,232,470,241,470,242,472,253,472,261,471,268,467,276,461,282,457,284,450,288,422,288,417,289,402,290,396,292,378,293,373,294,351,294,0.9237094288492156
223,265,189,265,183,263,95,263,89,262,84,261,80,258,77,253,73,247,73,225,74,216,75,214,80,209,85,205,93,204,142,204,148,205,216,206,224,208,256,208,262,209,268,211,274,216,278,221,278,224,281,227,282,235,282,242,281,248,276,257,270,262,263,266,258,266,252,267,242,266,229,266,0.9144060828862841
486,131,492,135,493,136,497,141,498,148,498,163,497,167,497,169,496,176,492,182,491,183,486,187,478,188,466,188,460,187,456,187,450,185,441,185,435,184,419,184,413,183,412,183,406,182,399,178,397,176,393,171,392,163,392,153,394,141,394,140,396,136,399,130,401,129,406,125,413,124,422,124,428,125,433,125,439,126,446,126,453,127,455,127,461,129,469,129,475,130,480,130,0.9081566454543276
595,98,601,99,606,100,612,101,617,103,629,105,631,105,643,108,647,108,653,109,654,110,657,110,661,112,665,115,670,120,673,126,674,131,674,133,673,138,673,142,671,146,671,147,670,151,669,157,666,162,664,166,659,171,653,173,648,174,638,174,626,172,623,171,617,169,607,167,606,167,587,163,582,162,564,158,563,157,560,157,553,152,550,150,546,145,544,136,544,129,545,122,549,108,553,101,559,96,560,96,561,95,570,93,572,93,585,95,0.917055307293872
318,168,315,168,308,167,304,167,297,166,294,166,287,164,286,164,278,163,277,163,270,162,265,162,257,161,249,161,241,159,237,159,230,158,229,158,225,157,219,153,214,148,211,141,211,129,213,121,213,112,214,105,219,98,221,95,228,91,236,89,244,89,251,90,252,90,260,91,262,91,270,93,276,94,279,94,287,95,291,95,298,96,302,96,309,98,313,98,320,99,323,99,330,100,336,100,344,101,345,103,347,103,354,106,357,111,360,115,364,121,364,132,362,137,362,138,361,143,360,151,357,156,354,161,347,166,341,169,320,169,0.9196568140212227
140,87,141,87,147,85,152,85,159,87,161,88,163,88,171,91,173,94,177,100,178,108,178,117,177,122,177,129,176,135,172,142,168,146,162,150,155,151,131,151,124,152,109,152,103,151,101,151,95,150,89,146,85,141,83,132,83,130,82,125,82,122,80,115,80,105,82,99,85,91,88,89,94,85,101,84,110,84,116,85,132,85,0.8809160854680316
