240,1049,237,1051,226,1051,221,1049,215,1049,212,1051,200,1051,192,1048,190,1046,187,1045,186,1040,184,1037,184,1032,186,1027,184,1024,184,1018,187,1010,189,1008,190,1004,199,1002,240,1002,245,1004,250,1005,255,1008,255,1010,258,1015,258,1029,257,1033,255,1039,254,1043,253,1045,244,1049,0.8528486343670866
1023,1007,1026,1012,1026,1014,1025,1018,1020,1021,1019,1023,1013,1026,1009,1026,1006,1027,1003,1026,1002,1027,987,1027,984,1029,967,1029,961,1026,958,1023,955,1017,955,1011,958,1005,960,1004,968,999,981,999,984,998,987,998,989,999,990,998,991,998,994,999,1009,999,1012,1001,1013,1001,1022,1005,0.7425464104912052
994,929,993,933,989,938,983,939,973,939,967,941,960,941,954,939,951,938,948,935,948,932,946,927,946,923,948,917,951,914,957,913,967,913,973,914,977,914,983,916,987,917,994,924,0.7409911667773736
690,860,570,860,568,861,559,861,553,858,549,854,547,848,547,842,549,839,550,833,553,831,557,828,707,828,713,829,716,832,719,836,719,848,717,854,714,857,710,860,707,860,704,861,692,861,0.8898878435590374
451,829,473,829,476,831,514,831,517,832,521,833,525,836,525,841,527,844,525,850,520,858,485,858,482,857,427,857,424,855,421,855,417,854,412,851,412,847,411,845,411,841,412,839,414,835,417,831,422,831,424,829,428,828,450,828,0.822789277253526
1063,825,1067,823,1068,825,1070,825,1073,823,1115,823,1121,825,1126,833,1129,839,1129,841,1128,845,1128,847,1126,853,1122,857,1116,858,1113,860,1006,860,1000,858,999,855,996,853,993,848,991,845,991,839,993,833,996,832,999,829,1003,826,1006,825,1007,825,1010,823,1058,823,0.859447777660335
1147,860,1145,858,1145,841,1147,835,1151,829,1153,829,1154,826,1160,823,1164,823,1166,822,1202,822,1203,820,1216,820,1218,819,1232,819,1238,820,1244,825,1247,831,1247,835,1248,836,1248,847,1247,853,1245,855,1243,860,1240,863,1234,867,1224,867,1222,869,1200,869,1199,870,1182,870,1180,872,1173,872,1171,873,1164,873,1158,872,1150,866,0.8397082851010528
257,829,260,833,261,838,261,841,263,845,263,853,261,858,257,863,253,866,248,867,215,867,209,866,203,860,200,855,200,853,199,848,199,839,200,833,202,832,202,831,208,825,212,822,215,822,219,820,225,820,231,822,234,822,238,820,240,820,251,823,0.834859224765197
367,816,373,816,379,814,382,816,386,816,392,817,396,820,398,822,401,828,401,831,404,839,404,842,402,847,398,855,396,857,388,861,383,863,375,863,369,861,305,861,299,860,290,854,287,845,287,844,286,841,286,835,289,823,292,819,293,817,299,814,303,813,335,813,341,814,361,814,0.8681093149573024
1007,784,1003,781,999,775,997,769,997,763,999,760,1003,754,1007,750,1015,750,1018,748,1035,748,1041,750,1119,750,1122,748,1151,748,1157,750,1160,751,1164,754,1166,762,1166,770,1164,776,1161,781,1155,785,1148,787,1034,787,1028,785,1013,785,0.8669264739578789
1365,776,1363,778,1356,781,1325,781,1322,782,1317,782,1314,781,1293,781,1290,779,1288,781,1285,779,1264,779,1260,781,1212,781,1208,779,1202,776,1198,773,1196,767,1196,762,1198,756,1202,753,1208,750,1214,748,1216,750,1256,750,1257,748,1263,748,1264,750,1266,748,1320,748,1322,747,1354,747,1362,750,1365,753,1367,760,1367,772,0.7976981367592291
212,775,209,773,208,772,205,765,205,753,208,745,210,742,218,740,238,740,245,742,248,745,251,753,251,759,253,760,253,766,250,770,245,775,241,778,219,778,0.7934307202760754
846,701,829,701,825,703,785,703,781,704,768,704,762,703,761,701,759,701,755,697,752,690,750,687,750,676,752,671,756,666,761,663,765,662,817,662,822,660,870,660,875,662,880,666,883,672,881,675,883,678,883,682,881,688,874,696,870,698,865,700,851,700,0.8257366037516861
721,668,724,674,724,675,726,676,726,684,720,690,714,693,658,693,652,690,650,688,647,682,647,681,646,678,646,674,647,669,650,665,655,665,658,663,685,663,687,665,700,665,703,663,717,663,0.8217695213732172
491,665,544,665,552,666,555,669,556,676,556,682,555,690,553,691,546,693,496,693,492,691,386,691,379,690,377,688,373,685,373,674,375,669,377,665,383,662,389,662,395,663,486,663,0.8115290119312704
314,696,277,696,274,694,270,696,269,694,218,694,212,693,210,690,208,687,205,682,203,679,203,669,205,663,208,662,209,660,213,657,216,656,241,656,244,657,247,656,248,657,260,657,266,659,274,659,280,660,332,660,338,662,338,663,341,663,345,668,347,674,347,679,348,684,345,687,340,696,334,697,315,697,0.831248343137324
629,678,627,685,624,688,617,690,600,690,592,688,591,687,589,687,585,682,584,676,584,672,585,668,586,660,589,657,595,656,613,656,617,657,624,659,629,663,0.7974778767309937
1221,696,1219,694,1216,696,1215,694,1205,694,1202,693,1182,693,1173,691,1170,693,1167,691,1147,691,1141,693,1124,693,1121,694,1065,696,1058,697,1052,698,1051,697,1050,697,1047,698,1025,698,1022,697,1018,698,1012,696,1009,696,1000,690,996,681,996,679,997,674,1002,669,1007,668,1013,668,1016,665,1022,663,1025,663,1067,662,1073,660,1106,660,1109,659,1124,659,1126,657,1153,657,1158,656,1173,656,1176,654,1216,653,1219,652,1240,652,1247,654,1254,660,1257,665,1259,672,1257,675,1259,678,1254,685,1253,687,1248,690,1245,691,1244,691,1240,694,1227,694,0.7393177497768432
1340,587,1372,587,1379,585,1417,585,1424,587,1430,591,1431,593,1436,599,1437,606,1437,625,1434,635,1431,640,1425,646,1420,647,1417,650,1410,652,1402,650,1386,650,1379,649,1372,649,1367,647,1363,649,1351,649,1344,647,1308,647,1293,644,1292,643,1289,643,1283,638,1279,635,1275,630,1275,628,1273,627,1272,619,1272,613,1273,606,1275,600,1280,593,1286,588,1293,585,1298,584,1299,584,1306,585,1333,585,0.7251881978298564
999,619,983,619,977,618,970,615,964,610,960,606,958,600,958,594,957,590,960,584,965,580,970,578,978,578,983,580,1002,580,1007,581,1061,581,1067,583,1110,583,1116,584,1177,584,1183,585,1193,585,1199,587,1203,591,1206,596,1209,603,1209,606,1208,610,1208,612,1206,618,1200,624,1196,627,1192,628,1161,627,1155,625,1071,622,1065,621,1005,621,0.8889155225756739
417,605,412,600,409,593,409,591,411,585,415,583,417,581,424,578,433,578,435,577,447,577,450,575,549,575,552,577,565,577,570,580,578,585,582,590,582,594,579,602,578,603,570,606,568,606,563,608,421,608,0.818071934192077
266,578,311,578,312,577,318,575,319,577,321,575,351,575,353,574,360,575,364,578,367,581,367,584,369,587,369,591,367,593,367,594,364,600,363,602,357,605,238,605,237,603,234,605,232,605,231,603,228,605,224,605,221,603,216,602,212,599,212,591,210,588,210,587,212,583,213,580,219,575,224,574,229,574,229,575,251,575,254,577,264,577,0.7699308906062957
968,546,962,540,960,534,958,528,958,522,960,517,964,512,968,509,973,508,975,508,980,506,1013,506,1018,505,1038,505,1044,503,1093,503,1099,502,1100,503,1103,502,1134,502,1140,503,1144,508,1147,512,1150,518,1148,524,1145,533,1142,537,1138,540,1134,541,1119,541,1115,543,1076,543,1071,544,1054,544,1050,546,1031,546,1026,547,990,547,984,549,980,549,0.8968478189834701
581,493,585,497,586,502,586,505,585,515,584,519,581,522,576,525,570,527,449,527,438,530,327,530,300,533,250,531,228,534,226,534,218,533,212,531,209,527,209,521,208,518,208,509,210,502,213,499,221,496,258,496,277,500,417,500,434,497,438,497,449,500,466,496,469,496,555,493,566,490,573,490,0.778658525051662
607,443,601,448,598,448,581,449,576,449,553,445,392,443,299,448,276,452,255,452,250,455,235,456,229,456,215,442,215,427,216,421,221,417,226,412,234,409,277,409,290,406,295,406,309,408,364,404,508,404,527,406,585,406,591,408,601,412,605,415,608,420,610,424,610,439,0.8016592833896292
1200,382,1196,386,1190,389,1186,390,1182,390,1177,392,1167,392,1158,395,1151,395,1147,396,1141,396,1137,398,1135,398,1131,399,1129,399,1116,404,1105,404,1100,402,1097,399,1095,395,1092,389,1095,377,1096,376,1096,374,1099,371,1099,368,1100,367,1100,365,1105,361,1109,358,1118,355,1135,355,1140,354,1153,354,1157,352,1166,352,1170,351,1177,351,1182,349,1189,349,1195,351,1199,355,1202,360,1203,364,1203,373,0.8205320283250753
1081,352,1084,357,1086,360,1086,361,1087,362,1087,367,1086,371,1081,374,1080,376,1074,379,1064,379,1061,380,1057,380,1054,379,1035,379,1026,374,1025,373,1019,364,1020,360,1023,355,1026,355,1026,354,1032,351,1035,351,1036,349,1039,351,1042,349,1048,349,1051,351,1052,349,1055,351,1057,349,1073,349,0.7698709669855092
276,320,280,320,286,321,287,321,290,323,293,321,300,321,305,320,332,320,337,318,350,318,357,321,361,324,366,329,367,335,367,336,369,340,369,342,366,349,361,355,357,360,351,361,314,361,308,362,305,361,296,361,290,360,237,360,231,361,228,360,222,358,218,354,215,349,212,342,212,333,213,327,215,326,215,324,219,320,226,317,232,315,234,317,240,315,241,317,244,315,263,315,274,318,0.7364306217764478
508,326,515,333,515,346,514,354,511,358,505,362,499,364,494,364,488,362,475,362,469,361,459,361,453,360,409,360,402,355,395,348,395,332,396,324,399,320,405,315,411,314,412,314,418,315,430,315,435,317,449,317,454,318,465,318,470,320,478,320,483,321,501,321,0.8528597665249454
974,296,973,292,971,289,971,288,973,283,977,279,986,276,990,276,994,277,999,282,1000,286,1000,291,999,295,996,298,991,299,984,299,980,298,978,298,0.7047416340099292
1153,274,1154,273,1157,273,1160,274,1161,273,1169,273,1173,274,1212,274,1216,276,1219,277,1222,280,1225,286,1225,292,1224,296,1219,299,1216,301,1215,301,1212,302,1185,302,1180,301,1135,301,1134,299,1129,301,1126,299,1036,299,1031,296,1028,293,1025,288,1025,285,1026,280,1029,276,1034,273,1036,271,1052,271,1055,273,1148,273,0.8505091895094236
216,271,216,270,213,270,208,267,205,264,202,260,202,252,203,247,206,244,209,242,226,238,231,238,263,241,335,239,350,242,550,242,566,239,573,241,578,244,582,248,582,251,584,258,584,263,579,269,572,273,566,274,290,271,240,276,235,276,229,274,222,274,0.7819699903467188
958,191,961,186,965,182,977,182,978,180,1023,180,1025,179,1064,179,1065,178,1071,178,1073,179,1074,179,1080,180,1083,183,1086,188,1086,197,1084,202,1081,207,1077,211,1057,211,1054,213,1009,213,1006,214,971,214,965,213,964,211,962,211,960,208,958,204,957,202,957,194,0.841078870509352
305,158,360,158,422,163,572,164,578,166,581,167,586,173,589,179,589,185,588,188,585,192,581,197,579,197,578,198,570,201,552,202,549,202,457,197,438,198,357,194,283,194,240,191,235,192,229,191,226,188,222,182,219,176,221,170,224,163,226,158,234,156,280,156,0.8481251343638111
