2833,3250,2841,3258,2849,3270,2849,3278,2845,3290,2829,3298,2825,3298,2812,3306,2776,3306,2768,3310,2760,3310,2755,3306,2751,3310,2719,3310,2711,3315,2670,3315,2662,3319,2637,3319,2629,3323,2596,3323,2588,3327,2560,3327,2552,3331,2490,3331,2478,3323,2474,3319,2466,3306,2466,3298,2470,3290,2474,3278,2490,3270,2507,3270,2511,3266,2580,3266,2584,3262,2592,3262,2596,3266,2601,3262,2633,3262,2637,3258,2654,3258,2658,3254,2702,3254,2707,3250,2764,3250,2768,3246,2792,3246,2796,3242,2817,3242,0.7655400691014105
2226,3250,2181,3250,2160,3254,2152,3250,2148,3254,2128,3250,2046,3250,2026,3254,1981,3254,1961,3250,1957,3246,1948,3246,1928,3234,1912,3202,1904,3181,1908,3161,1908,3141,1912,3121,1916,3117,1916,3109,1928,3089,1961,3073,1981,3065,2026,3065,2034,3069,2038,3065,2058,3069,2323,3069,2344,3073,2360,3069,2376,3069,2397,3073,2417,3085,2429,3101,2433,3125,2433,3153,2429,3173,2421,3190,2405,3210,2393,3218,2389,3222,2368,3234,2360,3234,2344,3242,2340,3242,2327,3246,2323,3246,2303,3254,2246,3254,0.8474529955012877
2751,3161,2735,3169,2719,3169,2702,3173,2698,3169,2686,3173,2560,3173,2548,3177,2503,3177,2490,3181,2482,3181,2450,3173,2442,3169,2429,3165,2417,3157,2413,3153,2405,3137,2401,3125,2401,3109,2409,3093,2425,3077,2433,3073,2442,3065,2458,3056,2482,3048,2495,3048,2511,3044,2662,3044,2674,3040,2723,3040,2739,3044,2755,3056,2764,3069,2772,3093,2772,3121,2764,3145,0.86250068214278
1712,2927,1606,2927,1590,2923,1586,2919,1582,2919,1565,2911,1557,2895,1557,2859,1561,2835,1577,2810,1594,2802,1598,2802,1602,2798,1606,2798,1610,2794,1863,2794,1879,2798,1899,2810,1908,2823,1912,2847,1912,2879,1908,2895,1899,2907,1895,2911,1879,2923,1851,2923,1846,2927,1830,2927,1814,2923,1716,2923,0.8961004252824406
1471,2790,1484,2798,1488,2802,1500,2819,1500,2883,1496,2903,1492,2907,1492,2911,1484,2927,1467,2935,1370,2935,1365,2940,1280,2940,1276,2944,1243,2944,1223,2940,1211,2931,1207,2927,1194,2911,1194,2887,1190,2883,1190,2843,1194,2823,1202,2810,1211,2802,1227,2790,1394,2790,1398,2786,1455,2786,0.8951652078219106
1692,2431,1700,2448,1700,2456,1704,2460,1708,2476,1708,2520,1700,2536,1688,2552,1671,2560,1667,2560,1663,2565,1647,2569,1431,2569,1414,2573,1333,2573,1317,2577,1292,2577,1272,2573,1255,2556,1243,2540,1239,2524,1235,2512,1235,2488,1239,2468,1243,2464,1243,2456,1255,2440,1272,2431,1276,2431,1280,2427,1296,2423,1345,2423,1361,2419,1512,2419,1529,2415,1594,2415,1614,2411,1651,2411,1675,2419,0.9161094070675644
2572,2415,2576,2415,2580,2411,2596,2411,2613,2415,2617,2419,2621,2419,2633,2427,2641,2435,2654,2452,2654,2468,2649,2480,2649,2492,2645,2512,2641,2520,2629,2532,2605,2540,2588,2540,2584,2544,2519,2544,2503,2540,2462,2540,2446,2536,2307,2536,2291,2532,2148,2532,2132,2528,2115,2528,2099,2524,2087,2516,2083,2512,2071,2496,2071,2484,2067,2480,2067,2464,2075,2431,2083,2419,2087,2415,2103,2403,2205,2403,2221,2407,2397,2407,2413,2411,2556,2411,0.9027320503567655
1814,2423,1838,2411,1899,2411,1916,2415,1916,2419,1924,2419,1932,2431,1940,2448,1940,2452,1944,2456,1944,2468,1948,2472,1948,2476,1944,2488,1940,2504,1932,2508,1928,2512,1916,2520,1908,2524,1834,2524,1818,2520,1814,2512,1806,2504,1798,2492,1798,2484,1793,2476,1793,2464,1802,2431,0.8469887624367577
1798,2270,1785,2278,1761,2286,1736,2286,1724,2290,1704,2290,1692,2294,1667,2294,1655,2298,1626,2298,1610,2294,1598,2282,1590,2270,1586,2258,1586,2250,1582,2242,1582,2230,1586,2214,1590,2210,1594,2198,1602,2190,1614,2181,1626,2177,1683,2177,1696,2173,1724,2173,1736,2169,1769,2169,1785,2173,1789,2177,1793,2177,1806,2190,1806,2194,1814,2206,1818,2218,1818,2234,1810,2258,0.877672644159874
2279,2290,2262,2298,2250,2302,2230,2302,2213,2298,2197,2298,2181,2294,2156,2294,2140,2290,2111,2290,2095,2286,2075,2286,2058,2282,2046,2282,2030,2278,1997,2278,1965,2270,1961,2266,1957,2266,1940,2254,1932,2238,1928,2226,1928,2190,1932,2173,1965,2141,1981,2137,2010,2137,2026,2141,2058,2141,2075,2145,2099,2145,2115,2149,2136,2149,2152,2153,2193,2153,2209,2157,2226,2157,2242,2161,2250,2161,2266,2165,2299,2198,2303,2214,2303,2234,2299,2246,2299,2250,2291,2274,0.9086306199353403
1374,2306,1329,2306,1308,2302,1304,2302,1284,2298,1268,2286,1260,2278,1247,2262,1243,2242,1243,2214,1247,2194,1247,2181,1251,2161,1255,2157,1255,2149,1268,2133,1284,2121,1292,2121,1296,2117,1317,2113,1337,2117,1345,2117,1365,2121,1370,2121,1390,2125,1402,2125,1418,2129,1435,2125,1455,2129,1471,2133,1488,2145,1492,2149,1504,2165,1508,2185,1508,2242,1504,2254,1504,2258,1500,2278,1488,2294,1471,2306,1467,2306,1463,2310,1443,2315,1435,2315,1414,2310,1394,2310,0.892184130773686
1822,1677,1810,1681,1679,1681,1667,1677,1659,1673,1655,1661,1655,1653,1659,1641,1667,1641,1671,1633,1683,1629,1810,1629,1822,1633,1826,1637,1830,1637,1834,1641,1838,1653,1838,1657,1834,1669,1826,1677,0.7745394565409898
1598,1625,1610,1629,1618,1629,1630,1633,1639,1641,1643,1653,1643,1657,1639,1669,1635,1673,1622,1677,1618,1677,1606,1681,1569,1681,1557,1677,1549,1673,1545,1669,1541,1657,1541,1645,1545,1633,1569,1625,0.7389562940134585
2254,1685,2238,1685,2221,1677,2217,1673,2209,1657,2209,1641,2217,1625,2221,1621,2246,1609,2274,1609,2283,1613,2356,1613,2372,1621,2376,1625,2385,1641,2385,1657,2376,1673,2368,1681,2352,1690,2262,1690,0.8035816587209702
2140,1617,2144,1617,2156,1621,2164,1637,2164,1653,2156,1665,2152,1669,2140,1677,2054,1677,2046,1681,1957,1681,1948,1685,1904,1685,1895,1681,1883,1673,1879,1669,1871,1657,1871,1649,1875,1637,1891,1629,1895,1629,1899,1625,1916,1625,1920,1621,2034,1621,2038,1617,2115,1617,2120,1613,2136,1613,0.8268534376331694
2034,1581,2022,1577,1985,1577,1973,1581,1936,1581,1924,1573,1916,1560,1912,1552,1920,1540,1932,1532,1940,1528,1944,1528,1957,1524,1973,1524,1985,1528,2091,1528,2103,1524,2197,1524,2209,1520,2226,1520,2238,1524,2242,1528,2246,1540,2246,1556,2242,1569,2238,1573,2234,1573,2221,1577,2160,1577,2148,1581,2140,1577,2132,1581,2124,1577,2115,1581,2107,1577,2099,1581,2091,1577,2083,1581,2075,1577,2067,1581,2054,1577,2046,1577,0.854995835519515
1875,1536,1879,1552,1879,1556,1875,1573,1867,1581,1834,1589,1826,1589,1810,1585,1789,1585,1773,1581,1728,1581,1720,1577,1712,1581,1700,1581,1683,1573,1675,1565,1675,1560,1671,1552,1671,1540,1675,1532,1679,1528,1679,1520,1683,1516,1688,1516,1692,1512,1704,1508,1716,1508,1724,1512,1745,1512,1761,1516,1781,1516,1798,1520,1834,1520,1867,1528,0.8453039409409107
383,1355,359,1359,228,1359,212,1363,208,1363,135,1367,110,1363,82,1355,57,1331,41,1310,33,1290,29,1274,24,1250,24,1173,29,1145,41,1121,45,1117,57,1097,77,1081,102,1069,126,1065,208,1065,224,1069,236,1065,408,1065,432,1060,436,1065,452,1060,624,1060,640,1065,652,1060,709,1060,721,1065,730,1065,754,1060,770,1065,779,1060,811,1056,836,1056,864,1060,889,1073,913,1093,929,1113,942,1137,946,1153,946,1157,954,1173,958,1198,954,1226,950,1238,950,1250,942,1278,921,1306,913,1315,893,1331,876,1339,840,1351,815,1355,795,1351,762,1359,0.8419801462940344
2327,1145,2323,1145,2307,1141,2291,1141,2274,1137,2242,1137,2226,1133,2213,1133,2197,1129,2128,1125,2111,1121,2099,1121,2083,1117,2062,1117,2046,1113,2001,1113,1985,1109,1895,1105,1875,1101,1867,1097,1855,1085,1846,1060,1846,1024,1851,1004,1855,996,1867,984,1891,976,1928,976,1944,980,2014,984,2030,988,2058,988,2075,992,2107,992,2124,996,2140,996,2156,1000,2185,1000,2201,1004,2221,1004,2238,1008,2258,1008,2274,1012,2295,1012,2311,1016,2380,1020,2397,1024,2409,1036,2421,1052,2429,1069,2425,1085,2425,1101,2421,1117,2401,1137,2385,1149,2344,1149,0.9033810898612434
1390,964,1406,968,1414,972,1435,976,1439,980,1451,980,1492,988,1508,992,1512,992,1573,1004,1606,1012,1610,1012,1651,1020,1663,1028,1667,1028,1688,1048,1692,1056,1696,1077,1692,1089,1692,1101,1688,1113,1683,1133,1675,1145,1671,1149,1655,1157,1639,1161,1618,1161,1598,1157,1594,1157,1573,1153,1541,1145,1537,1145,1516,1141,1496,1133,1492,1133,1451,1125,1418,1117,1398,1113,1394,1113,1353,1105,1345,1101,1284,1089,1280,1089,1260,1085,1251,1081,1235,1069,1223,1052,1219,1032,1215,1020,1215,1008,1211,996,1211,976,1215,956,1227,944,1243,931,1268,931,1288,935,1296,940,1317,944,1329,948,1333,948,1365,956,0.8674914964999761
1618,508,1626,512,1639,524,1639,528,1647,544,1647,565,1639,589,1635,597,1630,601,1614,609,1533,609,1516,605,1427,605,1410,601,1398,589,1390,573,1390,544,1394,528,1398,520,1406,512,1431,500,1463,500,1480,504,1602,504,0.8550899403886736
591,452,611,464,628,480,644,504,652,528,652,536,660,560,660,613,656,629,652,653,640,677,624,698,611,706,595,714,567,722,424,722,399,718,228,718,216,722,82,722,57,718,41,714,33,710,12,694,0,665,0,645,0,613,0,544,0,520,0,508,0,496,20,472,24,468,45,452,69,444,314,444,326,440,404,440,416,444,567,444,0.7971790011623149
1325,605,1321,605,1317,609,1296,609,1292,613,1276,613,1272,617,1251,617,1247,621,1231,621,1215,617,1211,613,1207,613,1194,601,1190,593,1182,585,1182,581,1178,577,1178,532,1182,516,1207,492,1211,492,1215,488,1219,488,1223,484,1239,484,1243,480,1260,480,1264,476,1272,476,1276,472,1308,472,1317,476,1329,480,1341,492,1345,504,1349,508,1349,512,1353,516,1353,528,1357,532,1357,548,1349,581,0.8305362757313903
1908,484,1912,488,1920,488,1940,492,1957,496,1977,500,1993,504,1997,508,2005,508,2010,512,2014,512,2030,528,2042,544,2046,560,2046,577,2034,613,2034,617,2030,637,2014,653,1997,665,1981,669,1969,669,1948,665,1932,661,1908,653,1875,645,1855,641,1842,637,1810,629,1806,625,1773,617,1761,613,1740,593,1728,577,1724,560,1724,532,1728,512,1728,508,1732,488,1745,472,1761,464,1773,460,1789,456,1810,460,1826,464,1830,468,1838,468,1887,480,0.9018895811742562
