313,1697,316,1700,318,1700,328,1707,333,1718,335,1720,338,1730,338,1733,340,1743,340,1758,338,1768,330,1778,321,1783,313,1786,311,1786,299,1788,294,1786,282,1786,272,1783,224,1783,219,1781,211,1783,207,1781,141,1781,131,1776,114,1758,112,1745,112,1743,109,1735,109,1723,114,1713,129,1697,136,1695,146,1692,199,1692,209,1695,304,1695,0.8621809000426
608,1735,603,1760,595,1773,588,1781,578,1788,566,1791,559,1793,556,1793,542,1796,539,1796,525,1798,498,1798,484,1801,469,1801,457,1798,445,1791,440,1786,433,1776,430,1763,428,1753,428,1748,425,1735,425,1718,428,1705,435,1692,440,1687,450,1680,464,1677,484,1677,498,1675,508,1675,522,1672,527,1672,542,1670,566,1670,578,1672,590,1680,593,1682,600,1692,600,1695,603,1697,608,1728,0.8575831911818892
795,1730,746,1730,741,1733,714,1733,712,1730,700,1730,697,1725,695,1723,690,1715,690,1682,695,1680,697,1677,705,1672,710,1672,712,1670,734,1670,736,1672,831,1672,833,1677,836,1680,841,1687,841,1723,833,1728,826,1730,821,1733,799,1733,0.8776059537707922
984,1680,989,1690,989,1700,984,1710,979,1715,965,1723,962,1723,957,1725,945,1725,940,1723,933,1720,928,1713,923,1702,923,1692,928,1682,933,1677,948,1670,955,1670,960,1667,965,1667,979,1675,0.7195075154304504
1324,1654,1334,1659,1339,1665,1344,1675,1344,1677,1346,1682,1346,1692,1344,1700,1339,1707,1332,1713,1322,1715,1317,1718,1298,1718,1293,1715,1244,1715,1239,1718,1111,1718,1101,1713,1096,1707,1091,1697,1091,1695,1089,1690,1089,1680,1094,1670,1096,1667,1096,1665,1101,1659,1111,1654,1123,1654,1128,1652,1157,1652,1162,1654,1203,1654,1208,1652,1315,1652,0.8243068576391254
284,1695,275,1697,228,1697,219,1700,182,1700,173,1702,170,1702,158,1700,153,1700,143,1702,131,1702,119,1697,112,1692,104,1685,100,1670,100,1665,97,1654,100,1649,100,1644,102,1632,107,1624,112,1619,122,1614,131,1611,192,1611,204,1609,231,1609,241,1606,250,1606,260,1604,275,1604,287,1606,294,1611,301,1619,306,1629,306,1632,311,1642,309,1649,311,1659,306,1670,304,1680,294,1690,0.8769261734908012
620,1604,620,1606,622,1611,622,1622,620,1627,620,1632,615,1639,610,1644,600,1649,581,1649,576,1652,559,1652,554,1654,542,1654,537,1657,527,1657,522,1659,498,1659,493,1662,474,1662,469,1665,442,1665,433,1662,428,1659,425,1657,420,1647,418,1644,416,1634,420,1622,423,1619,423,1617,428,1611,442,1604,447,1604,450,1601,459,1599,474,1599,479,1596,491,1596,496,1594,508,1594,513,1591,515,1591,520,1589,535,1589,539,1586,552,1586,556,1584,576,1584,581,1581,598,1581,608,1586,615,1594,0.7990985536392685
945,1601,950,1617,953,1627,953,1632,950,1642,945,1652,943,1654,933,1659,919,1665,877,1665,868,1667,855,1667,846,1670,829,1670,819,1672,816,1672,807,1670,799,1670,790,1672,787,1672,778,1675,763,1675,753,1672,746,1667,736,1662,734,1659,729,1649,727,1639,727,1634,724,1627,724,1624,729,1609,739,1594,748,1589,756,1586,765,1584,797,1584,807,1581,821,1581,831,1579,843,1579,855,1576,872,1576,882,1574,894,1574,904,1571,914,1571,923,1574,933,1579,938,1584,945,1599,0.8546976222405358
1142,1639,1128,1639,1118,1637,1113,1639,1096,1639,1091,1642,1079,1642,1069,1639,1067,1634,1064,1632,1059,1624,1057,1619,1057,1614,1055,1609,1055,1601,1057,1591,1059,1591,1059,1586,1067,1581,1081,1574,1084,1574,1089,1571,1145,1571,1154,1574,1162,1576,1162,1579,1166,1579,1169,1584,1171,1586,1179,1589,1181,1594,1183,1596,1188,1604,1188,1614,1183,1622,1176,1627,1171,1629,1164,1634,1159,1637,1147,1637,0.743127902969718
1305,1644,1283,1644,1273,1642,1247,1642,1237,1639,1208,1639,1188,1634,1181,1629,1176,1624,1171,1614,1169,1604,1171,1594,1188,1576,1198,1569,1205,1566,1208,1566,1213,1563,1220,1561,1312,1561,1322,1558,1366,1558,1375,1561,1378,1563,1380,1563,1390,1571,1395,1581,1395,1584,1397,1591,1397,1617,1395,1627,1388,1637,1378,1642,1368,1642,1358,1644,1349,1642,1312,1642,0.83353683644713
1937,1586,1934,1591,1929,1599,1922,1601,1912,1606,1903,1606,1895,1604,1866,1604,1861,1606,1852,1606,1733,1609,1701,1609,1691,1606,1689,1606,1669,1604,1665,1604,1655,1599,1650,1601,1643,1604,1519,1604,1509,1601,1502,1599,1497,1594,1492,1584,1492,1571,1494,1556,1497,1548,1504,1541,1511,1536,1524,1533,1601,1533,1609,1536,1611,1533,1631,1533,1640,1531,1648,1531,1677,1541,1689,1541,1694,1538,1713,1538,1718,1536,1786,1536,1796,1533,1798,1533,1808,1531,1883,1531,1893,1528,1903,1531,1910,1531,1920,1533,1927,1536,1934,1543,1939,1553,1939,1579,0.7496992253224399
406,1644,396,1644,386,1642,382,1644,362,1649,343,1649,328,1647,316,1639,313,1637,304,1637,292,1634,284,1637,255,1637,248,1639,233,1637,226,1637,211,1634,207,1637,197,1634,192,1637,156,1637,141,1634,124,1634,109,1632,97,1627,90,1622,80,1611,73,1599,68,1581,68,1574,66,1569,66,1558,68,1543,75,1528,83,1518,92,1508,104,1503,119,1500,131,1500,146,1503,153,1503,160,1500,224,1500,238,1503,248,1503,262,1505,267,1505,277,1508,279,1505,294,1508,304,1508,323,1503,386,1503,391,1500,399,1503,403,1500,411,1498,464,1493,479,1495,491,1500,501,1510,508,1521,515,1533,518,1546,518,1571,515,1586,513,1589,508,1601,501,1611,488,1622,474,1629,445,1639,433,1642,413,1642,0.850637973377332
748,1563,719,1563,707,1566,702,1566,690,1569,676,1569,663,1571,646,1571,634,1574,622,1574,610,1571,600,1566,593,1553,593,1543,590,1536,590,1531,588,1523,588,1505,590,1493,595,1483,600,1478,615,1470,627,1467,629,1467,642,1465,673,1465,685,1462,741,1462,753,1465,756,1467,761,1467,770,1473,773,1478,782,1483,790,1495,790,1503,792,1515,792,1518,790,1531,785,1541,780,1548,775,1553,761,1561,0.8274642589937876
885,1478,894,1488,894,1493,897,1495,897,1531,894,1541,889,1551,880,1556,846,1556,843,1558,807,1558,787,1553,778,1548,770,1543,768,1541,758,1536,753,1526,753,1515,756,1505,765,1485,775,1480,778,1480,782,1475,785,1475,787,1473,790,1473,792,1470,799,1470,802,1467,812,1467,814,1465,843,1465,853,1467,858,1467,877,1473,0.7372078826237055
1174,1561,1162,1563,1159,1566,1103,1566,1101,1569,1084,1569,1081,1571,1069,1571,1067,1574,1055,1574,1052,1576,1011,1576,999,1574,994,1571,984,1563,979,1553,979,1536,977,1533,977,1521,979,1510,984,1500,991,1490,1001,1485,1055,1485,1057,1483,1074,1483,1076,1480,1096,1480,1098,1478,1128,1478,1130,1475,1142,1475,1145,1473,1152,1473,1196,1470,1200,1467,1213,1467,1215,1465,1225,1465,1227,1462,1237,1462,1239,1460,1264,1460,1276,1462,1283,1467,1288,1473,1295,1483,1295,1493,1298,1495,1298,1521,1295,1533,1283,1546,1273,1551,1261,1553,1259,1553,1256,1556,1237,1556,1234,1558,1179,1558,0.8210250308199007
1618,1457,1618,1460,1621,1465,1626,1490,1626,1495,1623,1508,1616,1521,1611,1526,1599,1533,1587,1536,1582,1536,1570,1538,1541,1538,1528,1541,1514,1541,1502,1543,1453,1543,1441,1546,1409,1546,1397,1548,1385,1548,1373,1546,1361,1538,1358,1536,1351,1526,1346,1510,1346,1508,1344,1500,1344,1490,1341,1483,1341,1480,1344,1467,1346,1462,1346,1460,1354,1450,1358,1445,1371,1437,1395,1432,1446,1432,1458,1430,1490,1430,1502,1427,1528,1427,1541,1425,1553,1425,1565,1422,1567,1422,1580,1425,1582,1425,1589,1427,1601,1435,1611,1445,0.8939479210089898
1920,1518,1910,1521,1905,1521,1895,1523,1883,1523,1874,1526,1859,1526,1849,1528,1832,1528,1820,1526,1813,1521,1810,1518,1805,1508,1803,1498,1803,1465,1805,1452,1810,1445,1815,1440,1830,1432,1840,1430,1895,1430,1905,1427,1917,1427,1929,1430,1937,1435,1939,1437,1939,1440,1942,1442,1944,1452,1944,1462,1944,1480,1944,1488,1944,1500,1939,1508,1937,1510,1922,1518,0.8091216710567475
1769,1488,1767,1498,1762,1508,1757,1513,1742,1521,1733,1523,1730,1523,1718,1526,1699,1526,1686,1528,1679,1526,1660,1515,1657,1513,1652,1503,1650,1493,1650,1470,1652,1460,1655,1455,1655,1452,1662,1442,1674,1430,1684,1425,1703,1420,1711,1420,1723,1417,1733,1417,1737,1420,1747,1422,1757,1430,1757,1432,1759,1435,1764,1445,1769,1465,0.8046559842435169
413,1505,406,1503,394,1503,384,1500,379,1495,374,1495,360,1490,357,1488,352,1485,350,1470,350,1465,352,1455,355,1447,360,1442,364,1440,369,1435,379,1430,384,1430,389,1427,391,1427,396,1425,401,1425,403,1422,416,1420,442,1420,447,1417,469,1417,474,1414,491,1414,501,1417,508,1420,513,1425,518,1427,520,1442,522,1447,522,1457,520,1465,518,1478,513,1485,508,1495,505,1495,486,1505,0.7235381313529147
549,1324,554,1324,569,1326,590,1326,605,1329,620,1329,634,1331,651,1331,666,1334,678,1336,688,1344,697,1354,697,1356,702,1361,705,1379,705,1412,702,1420,700,1435,693,1445,683,1455,676,1457,673,1460,668,1460,666,1462,649,1465,617,1465,600,1467,598,1467,583,1470,573,1470,561,1467,544,1467,532,1465,522,1462,515,1460,503,1450,501,1447,493,1442,484,1432,481,1422,479,1420,479,1414,476,1412,474,1394,474,1389,476,1374,476,1369,479,1354,481,1351,481,1346,488,1336,498,1326,501,1326,505,1321,520,1318,532,1321,537,1321,0.8133489387696736
401,1379,403,1389,403,1399,401,1412,399,1414,399,1417,391,1427,384,1435,377,1440,362,1447,345,1450,338,1452,335,1452,328,1455,326,1455,318,1457,304,1457,301,1460,279,1467,272,1467,265,1470,260,1473,238,1475,231,1478,226,1478,219,1480,211,1480,194,1485,187,1488,182,1488,175,1490,168,1490,160,1493,146,1490,143,1488,139,1488,126,1478,117,1467,109,1457,104,1442,104,1437,102,1432,102,1420,104,1407,114,1392,124,1382,134,1377,143,1374,146,1374,153,1372,156,1372,163,1369,173,1369,180,1366,182,1366,199,1361,207,1359,209,1359,224,1354,228,1354,236,1351,238,1351,245,1349,250,1349,258,1346,260,1346,277,1341,299,1334,301,1334,306,1331,309,1331,318,1326,340,1324,345,1321,360,1324,364,1329,369,1329,382,1336,389,1346,394,1356,0.8182849731980538
1908,1258,1917,1263,1925,1270,1929,1278,1932,1288,1932,1296,1929,1324,1925,1334,1917,1341,1908,1344,1830,1341,1779,1346,1771,1344,1747,1336,1745,1339,1735,1339,1730,1341,1720,1344,1699,1344,1684,1349,1594,1351,1485,1364,1349,1372,1339,1369,1324,1361,1317,1354,1312,1344,1315,1334,1317,1326,1322,1318,1327,1313,1341,1306,1351,1303,1460,1298,1567,1283,1631,1283,1662,1278,1665,1278,1740,1286,1759,1276,1769,1273,1866,1268,1891,1258,1900,1255,0.776630662375537
627,1326,615,1326,605,1329,590,1334,588,1334,578,1336,573,1336,561,1334,549,1321,544,1313,539,1298,539,1281,542,1268,547,1263,547,1260,564,1243,573,1235,581,1233,590,1230,605,1230,615,1228,622,1228,632,1225,634,1225,644,1222,646,1222,656,1220,659,1220,668,1217,671,1217,680,1215,685,1215,695,1212,700,1212,710,1210,717,1210,729,1212,744,1228,751,1238,751,1243,753,1245,756,1255,756,1273,753,1286,741,1298,731,1306,722,1308,705,1308,702,1311,693,1313,685,1313,676,1316,673,1316,663,1318,661,1318,649,1321,646,1321,0.7861219306376598
1254,1215,1254,1217,1256,1220,1261,1230,1264,1240,1264,1243,1266,1253,1266,1255,1264,1263,1264,1265,1261,1276,1256,1286,1239,1303,1230,1308,1222,1311,1217,1313,1205,1316,1196,1311,1193,1308,1188,1308,1183,1306,1179,1306,1169,1303,1159,1296,1152,1288,1147,1278,1145,1268,1145,1265,1142,1258,1142,1250,1140,1238,1145,1228,1147,1220,1154,1212,1164,1207,1171,1205,1174,1205,1186,1202,1227,1202,1237,1205,1251,1212,0.7338230289854445
1475,1293,1473,1293,1448,1298,1439,1298,1426,1301,1412,1301,1400,1303,1388,1303,1375,1306,1373,1306,1361,1308,1344,1311,1329,1308,1317,1303,1312,1303,1307,1301,1305,1301,1295,1296,1293,1296,1283,1288,1276,1278,1271,1268,1268,1255,1268,1228,1276,1215,1281,1210,1295,1202,1305,1200,1307,1200,1319,1197,1334,1197,1346,1195,1405,1195,1417,1192,1419,1192,1431,1190,1460,1190,1473,1187,1497,1187,1509,1185,1521,1185,1533,1182,1545,1182,1562,1185,1567,1187,1577,1195,1580,1202,1582,1205,1587,1217,1589,1230,1589,1243,1587,1258,1584,1263,1577,1273,1567,1278,1555,1283,1543,1286,1541,1286,1528,1288,1521,1288,1509,1291,1482,1291,0.8163933494772807
1667,1270,1657,1270,1645,1268,1635,1260,1631,1250,1628,1240,1628,1217,1631,1212,1631,1207,1638,1197,1648,1190,1657,1187,1694,1187,1701,1190,1720,1190,1723,1192,1764,1192,1767,1195,1786,1195,1788,1197,1835,1197,1837,1200,1844,1200,1849,1197,1859,1197,1866,1200,1869,1200,1878,1202,1881,1205,1886,1205,1895,1215,1900,1222,1903,1235,1903,1248,1895,1258,1886,1265,1871,1268,1672,1268,0.8128910127551136
328,1311,313,1313,289,1313,270,1308,265,1311,260,1311,250,1313,245,1313,238,1316,224,1318,216,1318,209,1324,190,1329,163,1329,148,1326,141,1326,131,1329,112,1324,100,1318,95,1316,83,1308,61,1286,56,1276,51,1270,46,1258,44,1240,41,1230,41,1220,44,1205,56,1187,58,1185,70,1175,90,1169,92,1169,107,1164,122,1162,192,1162,207,1164,211,1164,221,1167,224,1164,258,1164,265,1162,272,1164,277,1162,284,1162,294,1159,311,1159,318,1157,328,1159,333,1157,343,1157,360,1152,364,1152,382,1147,399,1147,413,1149,425,1157,437,1169,442,1177,447,1190,450,1202,450,1205,452,1215,450,1225,452,1228,450,1238,447,1253,442,1265,433,1281,420,1291,406,1298,401,1298,396,1303,382,1308,335,1308,0.8181171933921535
909,1190,909,1205,906,1217,887,1238,877,1245,858,1250,855,1250,843,1248,833,1245,824,1238,824,1235,819,1235,809,1225,802,1215,799,1205,797,1197,797,1195,795,1187,795,1159,797,1147,804,1137,814,1132,816,1132,819,1129,826,1127,836,1124,846,1124,855,1121,875,1121,887,1124,897,1134,904,1144,904,1147,906,1149,909,1159,909,1162,911,1172,911,1185,0.7844295637457783
727,1200,717,1205,710,1207,707,1207,697,1210,690,1210,680,1212,673,1212,663,1215,656,1215,637,1220,634,1220,625,1222,620,1222,610,1225,608,1225,598,1228,595,1228,586,1230,578,1230,569,1233,564,1233,554,1235,537,1235,527,1233,518,1225,513,1215,508,1200,508,1187,510,1175,513,1169,513,1167,520,1157,527,1154,530,1152,537,1149,547,1147,549,1147,556,1144,566,1142,569,1142,588,1137,590,1137,600,1134,610,1134,620,1132,625,1132,634,1129,649,1129,659,1127,671,1127,680,1124,688,1124,697,1121,705,1121,714,1124,717,1127,719,1127,729,1134,734,1144,736,1147,736,1149,739,1159,739,1175,734,1190,0.8597862972753254
1108,1111,1179,1111,1188,1109,1213,1109,1222,1106,1249,1106,1261,1109,1273,1121,1281,1132,1283,1142,1283,1152,1285,1159,1283,1177,1278,1187,1271,1197,1254,1202,1247,1202,1237,1205,1193,1205,1183,1207,1011,1207,999,1205,989,1197,984,1187,982,1177,982,1175,979,1167,979,1157,982,1144,984,1142,984,1137,994,1124,1001,1119,1013,1114,1098,1114,0.9069732811948402
1842,1094,1910,1091,1920,1094,1929,1101,1932,1104,1939,1114,1942,1127,1939,1162,1934,1177,1927,1187,1917,1195,1910,1200,1900,1202,1866,1202,1854,1200,1832,1190,1779,1192,1774,1192,1740,1187,1691,1190,1682,1187,1660,1190,1643,1195,1631,1195,1616,1192,1580,1197,1565,1195,1385,1200,1375,1197,1366,1190,1356,1180,1349,1169,1346,1159,1351,1142,1356,1134,1363,1127,1371,1124,1390,1116,1402,1114,1409,1116,1536,1106,1543,1109,1560,1104,1599,1104,1662,1096,1665,1096,1774,1094,1781,1096,1808,1091,1815,1091,0.770058129603664
442,1013,445,1013,452,1015,464,1023,467,1025,467,1028,469,1031,469,1033,471,1036,481,1061,481,1079,479,1091,476,1094,474,1104,467,1116,462,1121,437,1132,413,1132,401,1129,396,1129,384,1127,372,1127,347,1121,338,1121,313,1116,301,1109,299,1106,294,1094,287,1076,287,1056,289,1043,289,1041,292,1033,299,1020,304,1015,328,1005,350,1005,362,1008,386,1008,399,1010,430,1010,0.8898444975141305
663,1091,634,1099,625,1099,615,1101,603,1101,590,1099,581,1089,573,1079,571,1068,569,1061,569,1028,571,1015,581,1005,590,998,593,998,595,995,605,993,622,993,632,990,649,990,659,988,702,988,714,990,724,998,729,1008,731,1015,734,1025,734,1041,731,1053,717,1068,710,1073,700,1081,697,1081,695,1084,666,1091,0.8401677560297361
1193,1025,1191,1028,1181,1028,1179,1031,1164,1031,1162,1033,1152,1033,1149,1036,1132,1036,1130,1038,1118,1038,1115,1041,1096,1041,1086,1038,1072,1023,1072,1020,1069,1018,1069,1008,1067,1005,1067,995,1069,990,1072,980,1079,972,1084,970,1089,965,1096,965,1098,962,1115,962,1118,960,1132,960,1135,957,1149,957,1152,955,1166,955,1169,952,1183,952,1193,955,1200,957,1208,965,1210,972,1215,977,1215,980,1217,983,1217,995,1215,1005,1196,1025,0.8210186782133514
1502,942,1514,950,1521,960,1526,972,1528,980,1528,985,1531,998,1528,1008,1528,1018,1526,1033,1519,1048,1511,1056,1499,1063,1490,1068,1482,1071,1480,1071,1468,1073,1463,1073,1448,1071,1446,1071,1439,1068,1436,1068,1429,1066,1412,1066,1400,1068,1385,1066,1383,1063,1375,1063,1368,1061,1354,1053,1346,1046,1339,1036,1339,1033,1334,1025,1329,1013,1329,995,1327,988,1327,977,1329,965,1332,957,1336,950,1346,940,1358,932,1373,930,1395,930,1407,932,1409,932,1417,935,1424,935,1431,937,1441,935,1473,935,1485,937,1487,940,1494,940,0.8002548302013363
90,1023,85,1018,78,1008,75,995,73,988,73,977,70,967,73,955,80,945,90,935,100,927,112,924,114,924,126,922,175,922,187,924,192,924,204,927,214,935,216,940,219,940,228,947,236,957,238,967,241,980,241,1005,236,1020,236,1023,241,1031,243,1043,243,1048,245,1061,243,1073,243,1076,241,1089,233,1099,226,1104,221,1106,211,1109,209,1111,197,1114,187,1114,175,1116,170,1116,158,1119,153,1119,141,1121,134,1121,122,1124,114,1124,102,1121,92,1114,90,1111,83,1101,80,1089,80,1086,78,1079,78,1063,83,1048,85,1043,90,1036,97,1028,0.7963950236812061
428,932,430,937,433,940,437,947,440,952,440,970,437,980,433,983,428,988,420,993,416,995,362,995,357,998,313,998,304,995,301,990,299,988,294,980,292,975,292,962,294,952,299,945,301,942,309,937,313,935,347,935,352,932,386,932,391,930,418,930,0.8654162356828121
595,912,603,917,605,919,612,930,612,932,615,935,615,965,612,975,608,983,605,985,595,993,590,993,588,995,564,995,561,998,537,998,535,1000,522,1000,520,1003,510,1003,501,1000,496,998,488,993,486,990,479,980,479,975,476,972,476,947,479,937,484,930,486,927,488,922,498,917,501,914,513,914,515,912,552,912,554,909,586,909,0.8660582755339276
999,988,996,988,994,990,972,990,962,988,960,985,955,985,940,975,938,970,936,970,928,960,926,955,921,947,921,919,923,907,928,899,936,892,945,884,967,884,970,882,1038,882,1050,884,1057,889,1062,894,1069,904,1069,935,1067,942,1064,952,1062,965,1057,972,1045,980,1042,983,1035,983,1033,985,1001,985,0.7558882304120097
1166,937,1157,935,1149,927,1147,917,1147,902,1149,897,1147,892,1152,884,1176,871,1244,871,1249,869,1268,869,1278,871,1278,874,1283,874,1290,882,1293,892,1293,907,1295,914,1285,924,1278,930,1268,932,1264,935,1242,935,1237,937,1215,937,1210,940,1169,940,0.8009026259183885
1436,927,1429,922,1422,914,1422,909,1419,907,1419,897,1422,887,1424,884,1424,882,1429,876,1434,876,1439,871,1456,871,1458,869,1487,869,1490,866,1509,866,1511,864,1528,864,1531,861,1545,861,1548,859,1597,859,1606,861,1611,866,1611,869,1616,876,1616,894,1614,904,1609,909,1604,909,1599,914,1587,914,1582,917,1560,917,1555,919,1541,919,1536,922,1504,922,1499,924,1490,927,1480,927,1475,930,1441,930,0.8148652635980398
442,823,459,841,459,846,462,849,464,859,464,882,462,892,442,912,433,914,430,914,420,917,411,917,401,919,391,919,382,922,377,922,367,924,355,924,345,922,328,904,326,899,323,889,323,882,321,874,321,866,323,856,326,854,326,851,343,834,352,831,355,831,364,828,374,828,384,826,391,826,401,823,406,823,416,821,433,821,0.8782294036374635
279,884,277,897,275,899,275,902,267,912,258,919,245,922,241,922,228,924,156,924,143,927,122,927,109,930,104,930,80,935,70,935,58,932,49,924,44,919,36,907,32,894,32,869,34,856,36,851,41,844,51,834,61,828,75,828,87,826,100,826,124,821,139,821,151,818,158,818,170,816,177,816,190,813,202,813,214,811,241,811,253,813,262,821,267,826,275,836,279,861,0.8973955778722742
564,909,542,909,527,907,520,902,513,892,510,882,510,864,513,854,515,851,515,846,520,839,525,834,535,826,537,826,539,823,559,823,561,821,581,821,583,818,603,818,605,816,627,816,629,813,649,813,651,811,688,811,697,813,707,818,712,828,712,831,714,834,714,861,712,871,707,879,702,884,693,892,683,892,680,894,654,894,651,897,634,897,632,899,617,899,615,902,605,902,603,904,593,904,590,907,566,907,0.8538973758449663
1453,851,1451,864,1448,871,1439,887,1434,892,1424,899,1409,902,1400,902,1388,899,1366,899,1354,897,1341,897,1334,894,1324,897,1312,897,1300,894,1298,894,1285,892,1283,892,1271,889,1266,889,1254,887,1247,884,1234,876,1222,874,1213,869,1203,859,1200,841,1200,828,1203,816,1210,803,1220,796,1232,793,1242,793,1244,791,1256,783,1266,775,1273,773,1278,773,1281,770,1295,768,1310,768,1322,770,1332,770,1344,773,1349,773,1361,775,1388,775,1400,778,1412,778,1424,780,1429,783,1441,791,1448,801,1453,831,0.7927751319594629
1159,882,1147,884,1125,882,1120,884,1108,884,1045,894,1033,894,1025,892,1013,897,1006,899,967,904,965,904,953,909,940,909,926,914,914,914,911,912,897,914,880,914,875,917,855,924,841,927,795,924,782,922,770,914,763,899,758,884,756,871,756,841,758,828,765,813,773,806,785,798,799,796,897,798,914,793,921,791,982,786,1055,773,1057,773,1113,770,1166,758,1200,758,1213,760,1227,768,1249,791,1256,803,1256,808,1259,811,1264,821,1266,836,1261,851,1259,856,1251,866,1242,874,1227,876,1222,876,1210,879,1169,879,0.8023188834514323
1874,743,1883,750,1886,753,1893,763,1893,768,1898,783,1900,811,1900,823,1898,828,1900,841,1898,851,1900,859,1898,866,1898,874,1895,887,1888,897,1881,904,1876,907,1874,909,1861,912,1857,912,1844,914,1779,914,1767,917,1745,917,1733,914,1723,907,1716,899,1711,889,1708,876,1699,869,1691,856,1686,841,1684,831,1684,826,1682,818,1684,811,1682,806,1679,793,1684,778,1689,765,1699,758,1711,755,1767,750,1779,748,1796,748,1808,745,1810,745,1822,743,1832,743,1844,740,1861,740,0.7539755279285932
1614,808,1611,818,1609,826,1606,828,1597,834,1594,834,1589,836,1570,836,1565,839,1545,839,1536,836,1528,834,1524,828,1519,818,1519,811,1516,806,1516,796,1519,788,1519,775,1521,765,1524,758,1526,755,1536,750,1538,750,1543,748,1572,748,1577,745,1587,745,1597,748,1604,750,1609,755,1614,765,1614,773,1616,778,1616,801,0.8017132920878274
722,662,734,667,741,677,744,682,746,700,744,717,741,727,731,735,724,740,705,745,695,745,673,743,629,753,627,753,440,765,377,775,347,775,226,796,221,796,151,798,136,793,129,788,119,780,117,770,112,748,112,735,117,717,122,707,131,700,143,697,255,700,326,687,335,687,343,690,374,684,467,684,583,674,600,669,654,669,673,662,680,662,702,659,710,659,0.8306818056100829
953,705,948,707,919,707,911,710,902,710,894,712,889,712,882,715,870,715,863,717,843,717,836,720,826,720,821,722,812,722,807,720,797,717,792,712,787,705,785,695,785,690,790,677,790,674,797,669,804,667,809,667,814,664,826,664,831,662,841,662,846,659,860,659,865,657,875,657,880,654,892,654,897,652,909,652,914,649,938,649,943,647,955,647,960,649,967,649,972,652,977,652,982,654,991,649,1004,647,1008,644,1030,644,1035,647,1045,649,1050,657,1052,664,1052,677,1050,682,1047,692,1040,697,1038,700,1035,700,1023,705,1016,705,1006,702,1001,700,989,697,984,695,955,705,0.7118250360452555
173,700,156,700,148,697,148,700,146,700,134,705,129,705,122,707,117,707,97,702,95,700,92,700,78,684,73,672,73,659,75,649,87,637,95,634,97,631,104,629,109,629,117,626,129,626,136,624,146,624,153,621,158,621,165,619,170,619,177,616,180,616,190,619,197,621,199,624,202,624,209,631,214,642,214,644,216,652,216,654,214,662,211,672,197,687,190,692,180,697,0.7199809094837734
629,662,578,662,515,664,513,667,445,667,423,672,418,672,340,674,301,682,267,682,258,679,250,672,241,657,236,647,238,637,243,629,245,621,255,614,270,609,309,609,335,604,343,606,343,604,399,604,450,596,459,599,467,596,471,599,484,599,486,596,493,596,625,594,676,583,693,583,697,586,729,586,739,589,744,591,751,599,753,604,756,611,758,624,756,637,751,647,746,649,739,654,727,659,671,657,668,659,632,659,0.8263941908208383
1137,604,1140,609,1137,614,1135,621,1130,629,1125,634,1115,639,1108,642,1098,642,1089,639,1074,639,1067,642,1055,642,1047,644,1025,644,1018,647,987,647,979,649,965,649,957,654,945,659,940,657,936,659,933,659,923,657,914,649,914,647,909,644,906,637,904,631,902,624,902,621,899,616,899,614,902,609,899,601,904,589,909,581,916,573,928,571,936,571,945,568,950,571,962,571,972,568,994,568,1001,566,1018,566,1025,563,1038,563,1045,561,1067,561,1074,558,1079,558,1086,556,1106,556,1115,558,1118,561,1120,561,1130,568,1137,591,0.7927666053031255
1205,624,1198,619,1193,614,1188,604,1186,596,1186,591,1183,583,1183,581,1186,571,1186,568,1188,563,1193,556,1196,553,1205,548,1213,546,1334,546,1341,543,1366,543,1373,541,1422,541,1431,543,1439,548,1441,551,1446,561,1448,568,1448,591,1446,601,1441,609,1436,614,1426,619,1417,621,1412,619,1402,619,1395,621,1354,621,1346,624,1317,624,1310,626,1215,626,0.8328422182498758
1599,538,1599,541,1601,543,1606,553,1606,576,1604,586,1601,591,1599,594,1584,601,1577,601,1572,604,1567,604,1562,606,1538,606,1531,601,1524,594,1524,589,1521,583,1521,573,1519,568,1519,551,1521,541,1524,535,1528,530,1538,525,1545,525,1550,523,1558,523,1567,525,1575,525,1584,528,1594,533,0.8040842222037659
724,596,722,599,700,599,690,596,683,596,680,599,668,599,659,596,556,596,542,594,535,589,527,578,525,566,525,553,527,543,532,535,535,528,544,523,549,523,552,518,556,518,559,515,603,515,605,513,678,513,680,510,719,510,729,513,736,518,746,528,746,561,744,576,734,591,0.8225986555141488
1844,583,1818,583,1810,586,1808,586,1801,589,1786,589,1779,591,1764,591,1757,594,1745,594,1737,596,1735,596,1728,599,1720,599,1713,601,1686,601,1677,599,1669,591,1665,583,1662,571,1660,566,1660,561,1662,551,1665,548,1665,546,1672,538,1679,533,1691,528,1703,528,1711,525,1728,525,1735,523,1747,523,1754,520,1769,520,1776,518,1791,518,1798,515,1825,515,1832,513,1840,513,1847,510,1881,510,1891,513,1900,523,1905,530,1908,538,1908,548,1903,561,1898,568,1891,576,1881,578,1869,578,1857,581,1852,581,0.8236404140983825
168,596,163,606,160,609,156,616,153,619,143,626,136,629,134,629,119,631,117,631,87,637,56,637,44,634,32,626,24,616,19,609,17,594,17,563,12,543,15,530,22,518,32,508,41,500,56,498,112,498,124,500,126,500,134,503,139,505,151,513,158,520,165,530,168,546,168,558,170,571,170,583,0.7829717788394991
493,515,496,518,501,530,503,538,505,548,505,561,503,573,496,583,493,586,481,591,471,594,447,594,437,596,396,596,386,599,360,599,350,601,330,601,321,604,316,604,306,606,301,606,292,609,279,606,277,604,272,604,262,596,255,581,253,571,250,563,250,541,253,528,258,518,260,515,272,510,275,510,279,508,289,505,326,505,335,503,347,503,357,500,389,500,399,498,428,498,437,495,462,495,474,498,484,503,493,513,0.8747904334220241
911,493,916,490,936,490,940,493,989,493,994,490,1025,490,1035,493,1040,495,1042,498,1047,508,1047,528,1045,538,1042,541,1038,548,1030,556,882,556,877,558,824,558,814,556,809,553,807,551,802,541,802,513,804,503,807,498,812,493,821,487,838,487,848,490,906,490,0.8525230054367614
1888,427,1898,434,1903,442,1905,457,1903,477,1900,490,1891,498,1881,503,1830,513,1827,513,1628,528,1587,535,1582,535,1507,538,1460,548,1436,548,1422,543,1409,535,1400,541,1392,541,1113,546,1103,543,1094,538,1089,530,1081,515,1079,503,1079,493,1081,480,1089,470,1098,462,1108,457,1115,457,1288,462,1351,452,1358,452,1417,457,1424,452,1434,450,1587,442,1650,445,1767,437,1859,422,1874,422,0.7804466414975805
476,419,469,424,459,427,425,427,420,429,384,429,379,432,335,432,330,434,289,434,284,437,275,437,270,434,267,434,258,432,255,432,248,427,243,419,243,412,241,409,241,399,245,392,253,386,258,381,267,379,270,376,347,376,350,374,401,374,403,371,420,371,423,369,459,369,469,371,471,374,474,374,479,379,479,381,484,389,484,409,0.7914000713958835
914,424,911,432,911,437,909,450,902,460,899,462,889,470,877,472,868,472,855,470,848,470,836,467,758,467,746,470,707,470,695,472,680,472,668,475,600,472,590,475,578,475,566,472,564,472,549,470,544,467,535,460,530,447,527,437,525,429,525,409,527,397,535,386,542,379,547,376,561,374,600,374,612,371,632,371,707,369,719,366,758,366,768,364,797,361,807,359,846,356,853,354,865,351,877,354,887,356,897,364,902,369,909,379,914,404,0.8634308846145732
282,417,275,419,267,419,245,424,238,427,233,427,231,429,224,434,214,445,207,450,192,457,180,462,173,465,168,467,156,472,146,475,141,477,124,482,100,485,85,485,73,480,68,477,56,470,49,457,44,442,44,419,46,404,53,389,51,386,49,381,44,359,44,356,41,351,41,316,44,301,53,280,58,275,70,268,90,263,146,258,160,255,165,255,175,253,187,253,192,250,207,248,231,245,245,242,250,242,260,240,265,240,275,237,277,237,284,235,304,235,323,242,330,248,340,258,347,273,350,285,352,311,357,328,360,344,355,366,347,381,340,394,328,402,323,404,306,409,292,414,0.8064085615217561
481,374,467,376,418,376,406,369,399,356,394,349,386,323,386,290,391,278,403,265,411,260,423,255,454,255,479,250,484,250,532,245,535,245,552,242,566,242,581,240,583,240,590,237,600,237,634,235,693,222,697,222,763,217,848,202,868,202,875,205,887,212,897,222,902,230,906,245,906,250,914,265,916,278,916,290,914,303,909,318,899,328,885,336,875,338,868,338,860,341,850,341,804,344,773,351,765,351,651,356,637,359,634,359,620,361,605,361,573,369,561,369,549,371,527,371,510,374,0.8695605662915732
1580,187,1589,192,1609,194,1628,202,1645,215,1655,225,1662,240,1662,263,1660,278,1655,290,1643,301,1631,308,1616,308,1618,341,1618,356,1611,369,1597,384,1580,394,1565,399,1555,399,1439,394,1431,394,1388,384,1084,437,1074,437,977,429,962,427,950,419,940,407,936,392,936,361,938,346,943,333,960,321,970,316,970,301,972,275,974,260,984,248,996,240,1011,232,1028,227,1344,212,1351,212,1392,217,1424,200,1439,194,1521,182,1533,182,1560,184,1565,184,0.7317889319290611
1893,258,1891,273,1886,283,1888,290,1891,306,1891,326,1888,341,1886,349,1881,356,1871,366,1859,374,1818,374,1801,371,1793,366,1788,366,1776,361,1771,356,1764,346,1759,338,1752,328,1750,316,1745,316,1742,318,1733,323,1716,326,1706,326,1691,328,1679,328,1672,326,1657,323,1650,321,1638,318,1635,318,1623,313,1618,308,1614,306,1601,301,1592,290,1584,278,1584,240,1592,227,1601,217,1604,217,1604,215,1614,205,1626,197,1635,192,1633,192,1643,187,1660,184,1701,184,1718,182,1728,182,1745,179,1774,179,1788,177,1818,174,1820,174,1837,172,1859,172,1871,177,1878,182,1883,187,1891,200,1891,205,1893,207,1895,220,1895,253,0.7395189837510906
