1150,1965,1154,1976,1154,1978,1156,1984,1156,1988,1154,1992,1154,1994,1152,2003,1146,2007,1135,2011,1131,2013,1112,2013,1106,2011,1096,2007,1094,2005,1091,2001,1087,1994,1087,1980,1091,1970,1094,1967,1094,1965,1098,1961,1108,1957,1123,1957,1125,1955,1133,1955,1139,1959,1148,1963,0.8310989361851155
1196,2017,1192,2017,1181,2013,1177,2011,1173,2007,1169,1996,1167,1992,1167,1974,1171,1963,1173,1961,1173,1959,1177,1955,1181,1953,1192,1949,1198,1949,1208,1953,1213,1955,1215,1957,1219,1967,1219,1988,1217,1992,1217,1994,1215,1998,1215,2001,1213,2007,1206,2013,0.7823467540681063
1390,1988,1388,1996,1382,2005,1373,2009,1357,2013,1342,2013,1334,2015,1323,2015,1315,2017,1311,2017,1302,2019,1300,2019,1292,2021,1277,2021,1267,2019,1258,2013,1254,2005,1252,1996,1250,1990,1250,1970,1252,1959,1256,1955,1256,1953,1263,1945,1271,1941,1273,1941,1275,1939,1283,1937,1290,1937,1298,1934,1306,1934,1315,1932,1323,1932,1331,1930,1334,1930,1342,1928,1344,1928,1352,1926,1359,1926,1369,1928,1371,1930,1373,1930,1382,1937,1386,1945,1386,1949,1388,1951,1390,1959,1390,1965,1392,1974,1392,1984,0.8739895965338378
1250,1899,1258,1901,1271,1901,1279,1903,1288,1912,1292,1918,1292,1926,1290,1928,1288,1937,1281,1943,1275,1947,1194,1947,1185,1945,1183,1943,1181,1943,1173,1934,1169,1928,1169,1912,1171,1903,1175,1899,1179,1899,1183,1895,1200,1895,1217,1899,0.818281031129035
1112,1899,1114,1901,1127,1901,1135,1903,1144,1908,1146,1910,1146,1912,1150,1916,1154,1924,1154,1941,1152,1949,1148,1957,1146,1959,1137,1963,1127,1963,1119,1961,1110,1957,1094,1953,1091,1953,1083,1951,1081,1951,1069,1945,1064,1941,1060,1932,1060,1930,1058,1926,1058,1916,1060,1908,1062,1903,1069,1897,1073,1897,1079,1893,1087,1893,1096,1895,1098,1897,1104,1897,0.8215920192900525
198,1901,202,1910,202,1924,200,1930,200,1932,198,1941,192,1947,188,1949,182,1951,167,1951,163,1949,121,1949,113,1947,109,1945,102,1939,98,1930,98,1916,100,1908,102,1903,104,1901,104,1899,106,1897,119,1891,127,1891,131,1893,167,1893,171,1891,179,1891,196,1899,0.8410105663523334
1196,1842,1202,1844,1208,1848,1210,1850,1217,1858,1217,1873,1213,1885,1204,1897,1198,1899,1196,1903,1187,1908,1185,1910,1156,1910,1148,1908,1146,1908,1129,1903,1114,1903,1106,1901,1089,1901,1081,1899,1079,1899,1075,1897,1069,1893,1066,1891,1060,1883,1060,1879,1058,1877,1058,1854,1060,1846,1066,1839,1075,1833,1081,1833,1083,1831,1091,1831,1100,1833,1119,1833,1127,1835,1135,1835,1144,1837,1148,1837,1156,1839,1187,1839,0.8596635958723102
1377,1877,1371,1885,1365,1887,1361,1889,1354,1891,1352,1891,1346,1893,1325,1893,1319,1895,1296,1895,1290,1897,1277,1897,1271,1899,1248,1899,1240,1897,1231,1891,1229,1885,1227,1881,1225,1875,1225,1862,1227,1854,1231,1848,1233,1844,1238,1839,1246,1835,1252,1833,1256,1833,1263,1831,1296,1831,1302,1829,1319,1829,1325,1827,1338,1827,1344,1825,1354,1825,1363,1827,1365,1829,1367,1829,1375,1835,1379,1848,1379,1868,0.8544437064763993
975,1854,977,1850,977,1848,981,1837,983,1835,983,1833,985,1831,989,1829,1000,1825,1004,1825,1008,1827,1012,1827,1016,1829,1018,1829,1029,1833,1033,1835,1035,1837,1035,1839,1037,1842,1041,1852,1041,1864,1037,1875,1033,1879,1029,1881,1023,1885,1014,1885,1010,1883,1004,1881,998,1881,987,1877,985,1875,983,1875,975,1862,0.8238251923975363
1296,1831,1294,1833,1286,1837,1279,1839,1219,1839,1210,1837,1175,1837,1167,1835,1160,1831,1156,1827,1152,1819,1150,1813,1150,1804,1148,1796,1152,1790,1152,1786,1156,1780,1160,1775,1169,1771,1175,1769,1185,1769,1194,1771,1210,1771,1219,1773,1279,1773,1288,1775,1294,1780,1298,1784,1302,1792,1304,1798,1304,1813,1300,1825,0.8712947438497328
438,1722,447,1724,449,1724,474,1730,486,1734,488,1736,490,1736,493,1738,497,1747,497,1767,495,1775,493,1782,490,1784,490,1786,488,1788,480,1792,455,1792,447,1790,434,1786,432,1786,424,1784,422,1784,413,1782,411,1782,403,1780,384,1773,380,1769,376,1761,376,1738,378,1730,382,1722,386,1722,392,1718,397,1716,407,1716,415,1718,417,1718,434,1722,0.8396918400574256
349,1707,351,1709,355,1709,363,1716,363,1718,365,1720,369,1730,371,1738,371,1749,369,1757,369,1759,367,1769,361,1778,349,1784,338,1788,328,1788,317,1786,236,1786,225,1784,223,1782,219,1782,211,1778,209,1775,209,1773,205,1769,200,1759,198,1751,198,1749,196,1742,196,1732,198,1722,202,1714,207,1709,217,1705,225,1703,303,1703,313,1705,338,1705,0.871800422821919
1175,1755,1146,1755,1135,1753,1129,1749,1125,1742,1123,1734,1123,1724,1125,1716,1127,1711,1129,1709,1131,1705,1135,1705,1142,1701,1298,1701,1304,1703,1311,1707,1315,1714,1317,1722,1317,1734,1315,1742,1313,1747,1311,1749,1309,1753,1298,1755,1240,1755,1231,1753,1179,1753,0.8725971727267556
167,1761,163,1763,154,1763,150,1761,144,1759,134,1759,129,1757,125,1757,119,1755,102,1755,96,1751,92,1749,90,1747,86,1736,83,1732,83,1724,88,1714,90,1711,90,1709,92,1707,96,1705,102,1701,111,1701,117,1705,119,1705,123,1707,131,1707,136,1709,161,1709,171,1714,175,1716,182,1722,186,1728,186,1736,184,1738,184,1742,182,1751,173,1759,0.7606641213099161
202,1643,211,1645,225,1645,234,1647,242,1647,250,1650,253,1650,261,1652,267,1654,280,1666,280,1668,282,1670,282,1683,280,1685,278,1693,263,1707,257,1707,255,1709,238,1709,234,1707,219,1707,211,1705,194,1705,186,1703,175,1703,167,1701,163,1701,159,1699,150,1697,134,1681,134,1664,136,1656,152,1639,175,1639,192,1643,0.8396931032812784
745,1604,747,1606,758,1608,760,1610,764,1610,772,1614,770,1614,772,1612,785,1610,803,1610,806,1608,849,1608,851,1606,881,1606,883,1604,893,1604,904,1606,906,1606,914,1608,918,1610,925,1617,931,1625,931,1654,929,1660,927,1670,922,1678,916,1683,912,1685,899,1687,874,1687,872,1689,851,1689,849,1691,789,1691,785,1689,751,1689,741,1687,739,1687,728,1685,714,1685,703,1683,701,1683,689,1681,678,1678,672,1674,664,1670,657,1660,653,1654,653,1631,655,1621,657,1617,657,1614,662,1606,668,1602,676,1596,691,1596,707,1598,716,1600,718,1600,728,1602,735,1602,0.8486677006947091
445,1579,453,1583,459,1590,463,1600,465,1608,465,1627,461,1641,457,1647,451,1654,440,1658,432,1660,401,1660,390,1658,351,1658,340,1656,307,1656,296,1654,263,1654,253,1652,250,1650,246,1650,234,1643,230,1639,225,1629,223,1625,221,1617,219,1610,219,1604,221,1594,223,1590,230,1581,238,1573,250,1571,263,1571,273,1573,275,1573,282,1575,292,1577,380,1577,390,1579,401,1579,409,1577,434,1577,0.8679920225378188
125,1600,127,1592,131,1588,131,1586,138,1579,146,1577,152,1575,165,1575,173,1577,200,1577,209,1579,211,1581,213,1581,221,1586,223,1588,227,1594,227,1596,230,1600,232,1606,232,1608,230,1614,227,1623,219,1631,213,1635,209,1637,202,1639,150,1639,142,1637,136,1631,131,1625,129,1619,125,1610,0.7533191359303529
808,1544,810,1546,814,1557,814,1569,812,1575,806,1581,793,1586,772,1586,766,1583,651,1583,641,1579,639,1577,634,1567,634,1555,637,1548,643,1542,649,1540,653,1538,714,1538,718,1540,797,1540,0.8694438588619232
801,1505,797,1513,791,1522,781,1528,762,1528,751,1526,749,1526,739,1524,728,1524,718,1522,714,1522,703,1519,699,1519,689,1517,680,1517,670,1515,655,1515,645,1513,586,1513,576,1511,574,1509,570,1509,557,1503,549,1495,545,1484,543,1476,543,1472,545,1462,549,1455,557,1445,563,1439,572,1437,574,1437,591,1433,609,1433,620,1435,647,1435,657,1437,668,1437,678,1439,691,1439,701,1441,718,1441,728,1443,745,1443,755,1445,766,1445,776,1447,778,1449,783,1449,791,1453,797,1460,801,1470,803,1478,803,1495,0.8698606393405688
712,1387,716,1387,720,1389,722,1391,726,1400,726,1402,728,1406,728,1414,726,1418,726,1422,724,1431,722,1435,720,1437,712,1441,695,1441,685,1439,680,1435,674,1435,670,1433,662,1433,645,1429,643,1429,634,1427,632,1427,628,1425,611,1425,603,1422,593,1422,584,1420,576,1416,570,1410,566,1402,566,1391,568,1383,570,1379,574,1375,586,1369,595,1369,599,1371,609,1371,618,1373,634,1373,643,1375,647,1375,655,1377,664,1377,672,1379,676,1379,685,1381,693,1381,710,1385,0.8423047384592537
670,1303,678,1303,695,1307,701,1311,712,1321,712,1348,710,1356,705,1363,697,1371,662,1371,653,1369,568,1369,559,1367,557,1367,549,1363,541,1361,534,1356,526,1348,526,1344,524,1342,524,1327,526,1319,530,1313,541,1305,551,1301,553,1301,555,1299,618,1299,626,1301,662,1301,0.8173517624203581
776,1183,778,1183,787,1185,795,1189,799,1197,799,1204,801,1206,801,1214,799,1220,799,1235,797,1243,793,1249,789,1253,781,1259,728,1259,720,1257,714,1253,710,1249,703,1241,703,1239,701,1237,701,1204,703,1195,707,1189,710,1187,718,1181,745,1181,749,1183,751,1181,768,1181,0.8751736222169338
653,1220,655,1222,655,1230,653,1235,653,1239,651,1245,645,1249,643,1251,637,1255,630,1253,628,1253,624,1251,618,1249,614,1243,611,1239,611,1237,609,1233,609,1214,611,1212,611,1208,616,1199,620,1195,628,1191,630,1191,632,1189,639,1191,643,1193,645,1195,647,1195,651,1202,653,1206,653,1208,655,1212,655,1216,0.7086268185910599
1223,989,1219,989,1215,993,1208,995,1200,997,1187,1003,1179,1005,1169,1010,1160,1012,1152,1010,1142,999,1137,993,1137,981,1139,974,1144,968,1148,964,1171,954,1175,952,1194,948,1213,939,1217,935,1225,931,1231,933,1238,929,1248,927,1252,921,1286,904,1290,904,1298,902,1311,902,1315,904,1321,910,1323,915,1329,933,1329,966,1334,977,1334,993,1331,1001,1329,1005,1323,1012,1271,1049,1261,1053,1238,1067,1227,1071,1215,1082,1210,1084,1200,1088,1192,1090,1183,1086,1179,1082,1173,1074,1171,1067,1169,1059,1169,1051,1171,1047,1177,1036,1185,1028,1196,1024,1200,1020,1204,1018,1213,1016,1248,989,1252,987,1267,983,1275,974,1267,974,1256,979,1250,981,1242,981,1229,987,0.7265612852109532
221,675,211,675,205,677,202,677,196,679,182,679,173,677,165,669,161,663,159,657,159,654,157,650,157,646,161,630,169,621,175,617,177,617,179,615,186,613,198,613,205,615,209,613,219,613,225,611,240,611,246,609,248,609,257,611,259,613,261,613,269,621,273,628,273,638,271,642,271,646,269,654,259,665,253,669,246,671,244,671,238,673,227,673,0.8256611114165132
783,1078,770,1096,755,1113,737,1127,707,1140,647,1158,620,1185,601,1197,586,1204,580,1206,578,1210,563,1226,549,1237,526,1253,507,1266,486,1274,467,1276,403,1282,380,1282,357,1278,336,1272,317,1259,301,1245,286,1226,275,1206,269,1179,257,1092,255,1069,261,1038,273,999,282,979,294,960,311,946,330,931,340,927,342,925,374,915,436,902,451,890,451,879,455,857,457,846,445,749,445,723,453,619,455,599,463,578,476,557,490,541,509,529,530,516,547,510,570,504,593,502,624,508,666,491,685,489,770,481,793,481,816,485,839,493,935,543,954,555,970,570,983,588,993,609,998,621,1002,623,1004,626,1016,628,1037,636,1056,648,1073,665,1085,683,1094,704,1100,725,1119,849,1121,871,1119,884,1110,941,1106,964,1096,985,1077,1018,1064,1036,1054,1045,1052,1049,1037,1065,1018,1078,998,1088,979,1092,937,1100,914,1098,893,1092,872,1082,862,1076,860,1076,837,1069,818,1074,785,1069,0.7342508205098102
292,566,296,570,301,580,301,590,298,595,296,603,292,607,284,609,278,611,248,611,242,613,198,613,194,615,186,615,182,613,175,611,171,607,169,599,169,597,167,593,167,584,171,574,173,572,184,568,215,568,219,566,250,566,255,564,271,564,275,562,282,562,0.8512727840031011
161,547,157,539,157,529,161,520,165,516,171,512,196,512,200,510,205,510,209,508,215,508,219,506,227,506,232,504,240,504,242,502,255,502,259,506,263,508,267,512,271,520,271,524,269,529,267,535,263,541,257,541,253,543,240,543,236,545,227,545,223,547,219,547,215,549,207,549,202,551,196,551,192,553,186,553,182,555,169,555,0.8336883983637905
269,487,261,489,257,489,248,487,244,485,240,481,240,467,242,458,244,456,253,454,263,454,269,452,309,452,313,454,326,454,334,456,336,458,338,458,342,462,344,471,344,473,342,481,336,487,0.7694738127781033
211,452,217,458,221,469,221,477,219,483,217,491,211,495,207,498,196,502,173,502,163,498,159,493,154,483,154,469,159,458,161,456,161,454,163,452,169,448,205,448,0.8354224397983725
336,442,334,444,332,452,326,456,319,458,309,458,298,454,294,452,292,450,288,450,282,448,278,448,267,444,261,442,255,442,248,440,184,440,177,442,152,442,144,440,140,436,136,429,134,421,134,419,136,411,140,405,146,401,152,398,192,398,194,396,202,396,205,398,207,396,240,396,244,398,269,398,273,396,307,396,317,401,321,403,326,407,326,409,328,411,332,421,332,425,336,434,0.7624094891563822
566,407,563,415,561,417,559,417,553,423,549,423,541,425,534,425,532,427,524,429,518,431,501,436,499,436,474,442,459,442,451,440,447,436,445,427,445,421,447,413,449,411,457,409,461,409,478,405,480,405,488,403,490,403,499,401,501,401,509,398,515,396,524,394,526,394,532,392,541,390,543,390,549,388,555,388,559,390,566,396,0.7467678355616192
536,378,532,380,524,380,520,382,513,382,509,384,499,384,495,386,482,386,478,388,461,388,457,390,455,390,451,388,445,386,440,380,438,376,438,367,442,359,447,355,455,351,463,351,467,349,484,349,488,347,499,347,503,345,509,345,513,343,522,343,526,341,528,341,532,339,545,339,553,343,555,345,559,353,559,361,555,370,553,372,541,378,0.8256278970086204
282,384,278,388,271,392,265,394,246,394,238,392,194,392,186,390,163,390,154,388,148,382,144,372,140,363,140,357,142,349,146,341,148,339,154,334,161,332,259,332,267,334,273,337,280,343,284,349,286,355,286,376,0.8221170487821199
753,380,747,386,739,390,733,390,728,392,712,392,703,390,699,388,695,384,689,372,689,351,691,343,693,339,695,337,699,334,703,330,712,328,720,328,724,326,726,326,730,324,739,324,747,326,751,328,755,332,755,334,758,337,762,345,762,355,758,372,0.8024862677174828
505,334,493,334,486,337,470,337,463,339,461,339,455,337,453,337,442,332,440,330,436,320,436,303,438,297,445,291,451,289,455,287,465,287,470,289,503,289,507,287,511,287,515,289,522,289,528,291,532,295,532,297,534,299,538,310,538,312,534,322,532,324,532,326,530,328,520,332,511,332,0.8266058892187987
975,285,977,285,985,293,987,297,991,303,993,310,993,312,991,320,985,326,981,328,977,332,970,337,964,339,962,339,956,341,897,341,889,339,881,330,877,324,874,318,874,306,872,299,877,293,877,291,883,285,889,281,895,279,904,279,910,277,912,277,916,279,922,277,925,279,945,279,956,277,960,279,964,279,973,283,0.7873568258741322
1096,349,1087,351,1085,351,1075,349,1052,349,1041,347,1025,347,1014,345,1006,341,1000,339,995,334,991,326,989,316,989,295,991,285,995,279,998,277,1010,270,1018,268,1039,268,1043,270,1062,270,1073,273,1094,273,1104,275,1110,279,1112,281,1117,289,1119,297,1119,312,1117,320,1114,326,1112,337,1104,345,0.8612560044802152
150,332,142,324,138,318,136,312,136,295,138,287,146,279,152,275,159,273,213,273,221,275,227,277,234,283,236,287,240,293,242,299,242,310,240,318,234,324,230,326,223,330,217,332,202,332,196,334,159,334,0.8258440181360407
749,326,741,330,739,330,730,334,720,334,716,337,699,337,691,334,687,332,680,328,680,324,676,318,676,306,678,297,680,293,680,291,682,287,685,285,685,283,687,281,699,275,707,275,712,273,714,273,718,270,720,270,724,268,726,268,730,266,739,266,745,270,749,270,755,275,758,285,758,308,755,316,751,324,0.8324670661021681
1273,256,1288,256,1290,254,1300,254,1302,252,1313,252,1315,250,1323,250,1331,252,1336,256,1336,258,1340,264,1340,277,1338,285,1331,291,1325,295,1321,297,1315,297,1311,299,1298,299,1294,301,1283,301,1279,303,1265,303,1261,306,1248,306,1244,308,1229,308,1225,310,1221,310,1217,312,1213,312,1208,314,1190,314,1185,316,1160,316,1152,314,1148,310,1144,303,1144,295,1142,293,1142,285,1144,277,1148,273,1154,268,1162,266,1183,266,1185,264,1206,264,1208,262,1229,262,1231,260,1246,260,1248,258,1271,258,0.8002729687901914
150,285,148,281,140,273,136,266,134,262,134,250,136,246,136,242,140,239,142,237,148,233,152,231,209,231,217,233,219,237,221,239,225,246,227,250,227,252,230,254,230,260,227,268,221,275,215,277,209,281,205,283,200,283,196,285,190,285,186,287,159,287,0.7965522337397304
522,277,515,279,501,279,495,277,470,285,467,285,467,287,465,289,455,293,445,293,434,289,428,283,424,273,424,268,422,264,422,262,424,256,424,254,426,248,432,242,438,239,445,239,449,237,497,237,501,235,509,235,513,233,530,233,534,231,545,231,549,233,555,235,561,242,563,248,563,260,561,266,555,273,543,277,0.7663240117149626
730,233,730,256,726,268,722,273,716,277,707,277,701,281,693,281,685,279,682,277,680,277,676,273,672,266,672,262,670,260,670,237,672,229,674,227,674,225,680,219,687,215,695,215,697,213,714,213,720,217,722,219,726,227,0.8256935310546465
962,266,954,264,935,264,927,262,918,262,910,260,889,260,881,258,874,254,862,242,862,219,864,211,868,204,879,194,902,194,910,196,970,196,973,194,991,194,1000,196,1006,200,1016,211,1016,239,1014,246,1012,254,1008,260,1000,268,998,268,995,270,983,270,966,266,0.8583868764340877
1046,227,1041,217,1041,213,1039,209,1039,206,1037,204,1037,188,1041,178,1046,173,1056,169,1073,169,1083,173,1087,178,1087,180,1089,182,1094,192,1094,198,1096,202,1096,211,1094,213,1094,217,1089,227,1087,229,1081,231,1079,233,1073,237,1064,237,1048,229,0.8258409285596733
1342,217,1336,225,1327,231,1325,231,1323,233,1313,235,1302,235,1292,237,1288,237,1277,239,1273,239,1263,242,1252,242,1242,244,1229,244,1219,246,1198,246,1187,248,1158,248,1148,246,1139,239,1131,231,1125,223,1123,213,1121,206,1121,192,1123,182,1129,173,1131,171,1139,165,1150,163,1158,163,1169,161,1183,161,1194,159,1206,159,1217,157,1229,157,1240,155,1250,155,1261,153,1273,153,1283,151,1309,151,1319,153,1321,155,1323,155,1331,161,1338,169,1338,171,1340,173,1340,178,1342,180,1344,190,1344,206,0.8768614996377431
221,184,221,202,217,209,209,217,202,221,198,221,190,225,173,225,169,221,165,221,163,219,161,219,157,215,154,206,152,202,152,196,154,188,154,186,157,178,163,171,169,167,173,167,175,165,184,165,186,163,200,163,209,165,213,169,217,178,0.7693396729323291
968,184,962,190,956,192,954,194,937,194,929,192,922,192,920,194,902,194,893,192,887,190,872,175,872,149,874,140,887,128,935,128,937,126,945,126,954,128,956,130,958,130,964,136,966,140,970,145,970,151,973,153,973,175,0.8565818045271157
1029,105,1031,105,1035,103,1050,103,1058,105,1062,107,1064,109,1064,111,1066,114,1071,122,1071,124,1073,128,1073,140,1071,149,1069,153,1064,157,1056,161,1043,161,1039,163,1031,163,1027,165,1025,165,1021,167,1008,167,1000,165,995,163,991,159,987,151,987,149,985,145,985,128,987,120,989,116,991,114,1000,109,1008,109,1012,107,1025,107,0.8547287520803051
1106,151,1094,142,1089,130,1089,103,1094,95,1100,89,1112,83,1119,81,1121,81,1127,78,1139,78,1152,74,1165,74,1173,76,1179,81,1181,83,1185,91,1187,97,1187,99,1190,103,1192,109,1192,111,1194,118,1194,128,1192,136,1187,142,1185,145,1177,149,1171,151,1165,151,1156,153,1114,153,0.7986213297369967
1233,140,1225,138,1219,132,1219,130,1217,124,1217,114,1215,105,1215,93,1217,89,1223,83,1231,81,1235,81,1244,83,1246,85,1248,85,1250,87,1252,95,1252,97,1254,105,1254,126,1252,134,1246,140,0.7802695461162708
463,43,467,43,472,45,478,50,478,52,480,52,482,54,486,62,486,64,488,68,488,85,486,93,484,97,480,101,478,105,467,107,461,107,453,105,449,103,447,101,442,101,438,99,430,97,426,95,419,93,411,89,409,87,405,78,405,74,403,70,403,68,401,64,401,52,403,43,405,39,407,37,409,33,413,33,415,29,426,27,428,27,436,29,442,33,447,35,449,37,453,37,461,41,0.714566719184067
