904,1186,898,1186,825,1186,814,1186,807,1183,800,1179,791,1172,785,1165,782,1155,782,1146,778,1146,770,1145,763,1145,754,1143,748,1143,740,1142,734,1142,719,1139,709,1136,700,1129,697,1126,691,1118,687,1109,687,1088,690,1071,690,1068,691,1058,697,1048,704,1041,706,1041,707,1038,716,1032,719,1031,728,1028,751,1028,788,1035,798,1035,807,1036,811,1038,861,1043,872,1046,876,1048,883,1052,891,1058,898,1065,900,1068,901,1069,907,1069,932,1075,938,1078,946,1079,948,1079,955,1081,961,1082,964,1083,973,1089,980,1098,985,1106,985,1116,986,1125,986,1128,988,1130,988,1145,986,1155,983,1163,976,1175,970,1180,961,1186,952,1186,913,1186,0.8385766767792011
210,1026,216,1028,230,1031,267,1031,314,1036,342,1036,380,1042,424,1041,437,1042,442,1043,452,1049,459,1055,467,1068,468,1072,470,1082,468,1090,461,1125,458,1135,452,1143,443,1149,433,1153,420,1156,405,1157,373,1153,302,1150,298,1150,270,1146,163,1143,147,1146,141,1148,110,1149,100,1148,91,1145,88,1143,79,1138,73,1130,69,1120,68,1115,63,1082,63,1072,66,1062,72,1053,81,1043,90,1036,100,1032,116,1028,126,1026,134,1028,179,1025,182,1025,0.9226337263113803
656,1041,659,1041,666,1042,671,1045,672,1045,679,1049,684,1055,685,1061,688,1069,688,1076,687,1083,684,1089,679,1095,674,1099,672,1100,666,1105,659,1108,653,1109,647,1109,643,1110,638,1109,635,1110,616,1110,609,1109,603,1108,585,1108,578,1106,565,1106,556,1105,555,1105,546,1103,539,1102,537,1100,536,1100,528,1096,524,1090,522,1085,519,1078,519,1059,521,1052,525,1045,534,1039,541,1036,546,1035,559,1035,566,1036,585,1036,593,1038,605,1038,612,1039,647,1039,0.8365979601781642
1029,991,1024,999,1017,1006,1010,1011,985,1022,976,1025,968,1025,949,1023,944,1026,938,1026,869,1029,866,1029,785,1025,553,1025,511,1029,500,1029,490,1026,481,1021,474,1011,470,1002,467,991,462,961,462,951,464,945,467,937,471,928,478,921,487,915,496,914,503,914,543,917,693,917,723,922,851,925,926,918,927,918,986,917,996,917,1007,921,1020,934,1026,941,1030,951,1030,981,0.9074145333653447
273,1039,214,1039,210,1038,189,1036,107,1041,95,1039,84,1035,72,1026,69,1023,62,1015,57,1005,57,1004,54,998,50,984,47,978,44,966,43,949,44,938,47,927,53,917,62,909,72,904,82,901,90,899,101,899,113,901,116,902,126,899,129,901,139,895,151,892,170,891,182,892,189,894,276,894,386,901,398,904,415,912,426,918,433,927,439,937,442,949,443,978,442,992,437,1009,433,1019,424,1029,420,1033,411,1041,401,1045,387,1048,361,1048,354,1046,332,1043,292,1041,285,1041,0.902759407360211
894,794,902,797,911,805,916,811,920,820,922,830,923,860,923,870,919,878,913,885,904,891,895,895,885,897,789,895,748,899,674,899,571,907,565,907,552,905,525,909,519,909,470,907,459,905,449,899,440,892,434,885,430,877,428,867,428,862,430,852,431,850,433,834,434,824,442,813,445,810,453,804,462,801,471,801,569,805,659,803,744,794,747,794,883,793,0.9311190226150229
144,791,348,788,362,791,371,791,377,793,383,791,393,794,404,798,412,807,417,813,421,821,424,831,423,838,418,872,417,882,411,891,402,898,398,901,389,905,374,908,343,905,248,904,188,908,183,908,123,905,112,907,107,908,100,909,88,909,78,908,68,904,60,897,54,888,51,882,48,874,47,862,48,848,51,838,51,825,53,815,57,805,65,798,70,794,78,790,87,785,103,785,0.9403049415160161
367,793,361,793,201,788,123,803,116,804,85,804,73,803,63,798,53,790,45,781,40,771,35,761,35,748,41,707,44,697,50,687,63,677,73,671,84,667,95,666,229,669,405,660,406,660,713,659,942,663,957,666,973,671,983,676,990,683,996,693,1001,703,1001,716,995,753,992,764,986,773,977,780,967,785,957,788,951,788,776,783,622,790,616,790,541,783,456,783,0.9039924078360576
640,560,643,560,672,563,682,564,691,570,697,577,706,590,710,599,712,609,710,617,704,637,697,644,688,649,684,651,672,654,663,654,406,650,332,654,307,660,301,660,213,666,166,677,158,677,131,679,104,689,94,690,84,690,75,686,66,680,62,673,54,660,50,651,50,596,51,586,56,577,59,573,65,566,73,560,87,559,365,556,0.893467544201961
842,539,861,539,872,540,889,540,900,542,927,542,938,543,948,546,958,550,967,556,973,566,976,572,980,584,982,596,982,614,980,620,980,623,979,633,973,644,968,650,961,659,949,664,945,666,932,667,826,666,819,666,770,664,760,666,742,666,732,664,722,660,715,654,713,653,706,644,703,636,701,620,704,602,707,592,709,590,709,587,710,584,709,579,710,569,712,564,716,555,722,546,731,540,737,537,741,536,756,535,804,536,810,536,820,537,832,537,0.9202158520961418
606,502,599,513,591,520,584,526,571,530,550,532,547,532,384,529,380,529,348,526,346,526,335,527,270,526,94,532,84,530,75,526,68,520,62,512,59,505,53,469,53,459,56,449,62,442,69,435,76,432,90,428,100,426,248,425,251,425,339,432,346,433,348,433,357,430,364,429,565,429,575,430,585,436,591,440,599,446,603,459,608,478,609,488,609,493,0.8800505314208962
993,422,995,422,1010,425,1011,425,1015,426,1023,428,1024,429,1027,429,1035,430,1036,432,1040,432,1045,433,1046,435,1049,435,1051,436,1054,436,1061,440,1064,443,1067,448,1070,455,1070,460,1068,465,1068,470,1067,475,1067,476,1065,483,1064,485,1064,486,1059,493,1057,496,1051,500,1042,502,1039,502,1032,500,1026,499,1024,497,1020,497,1015,496,1010,495,1008,493,1004,493,999,492,998,490,995,490,988,489,986,488,982,488,974,486,968,485,967,485,960,483,954,482,949,480,941,475,936,469,935,460,935,452,936,445,936,443,938,438,939,430,944,423,945,421,951,416,960,415,967,415,974,416,979,418,980,419,983,419,985,421,989,421,0.8877918304230226
794,396,800,395,807,396,883,415,891,418,897,421,898,421,908,425,917,432,923,440,924,446,927,455,930,465,929,475,927,478,924,493,922,499,922,502,920,505,920,507,914,517,908,525,900,530,889,533,876,535,869,535,858,533,854,530,848,530,836,529,832,529,822,526,820,526,810,525,803,525,792,523,787,522,769,522,760,520,756,522,748,525,740,526,735,527,725,529,722,529,715,530,709,530,698,529,697,529,691,527,684,525,681,523,672,517,665,509,657,495,656,483,657,479,656,476,656,468,657,460,657,456,660,436,660,435,662,425,666,412,668,409,674,401,685,392,691,389,703,386,712,385,722,383,726,383,737,386,751,388,757,389,767,392,769,393,775,393,782,395,791,395,0.8109328091766727
186,405,180,405,172,403,169,403,160,402,157,402,148,401,145,401,136,399,134,399,125,398,123,398,114,396,109,396,100,395,94,395,85,393,79,389,75,386,68,381,63,373,62,365,63,356,63,339,65,331,66,329,66,326,70,319,81,311,84,309,95,306,107,306,116,308,117,308,126,309,134,309,142,311,145,311,154,312,161,312,170,314,178,314,186,315,191,315,200,316,217,316,226,318,232,322,236,325,244,331,248,338,249,346,249,363,248,369,248,371,247,376,245,385,238,395,233,399,226,405,214,408,208,408,200,406,195,406,0.9205822086639623
914,304,917,304,1032,321,1040,324,1048,328,1054,336,1057,345,1057,351,1055,385,1054,393,1049,402,1042,408,1033,412,1027,413,1015,413,847,391,630,393,618,392,613,391,610,395,605,402,594,406,585,409,574,411,495,405,486,403,478,399,471,389,470,386,467,378,467,368,472,335,475,325,480,318,495,306,502,304,512,302,517,302,602,311,707,312,826,306,848,301,857,301,0.8493107596357028
390,298,395,299,402,299,412,301,415,301,426,302,430,302,440,304,449,308,456,312,459,315,465,324,470,334,470,356,468,359,468,371,467,376,467,383,465,389,464,399,459,408,455,415,450,419,442,425,431,429,408,429,398,428,395,428,384,426,361,426,351,425,342,425,332,423,327,423,317,422,314,421,313,421,304,416,295,411,283,388,283,373,285,363,285,332,289,319,291,316,296,306,299,304,308,298,318,294,340,294,345,295,355,295,376,298,0.9130571088847438
202,285,160,289,157,291,84,291,75,289,66,285,54,274,48,267,45,258,45,242,44,234,44,224,47,215,59,204,69,198,78,195,85,194,525,194,531,195,540,197,549,200,556,205,562,212,566,225,568,248,565,261,559,275,555,284,547,289,539,294,530,295,480,295,354,287,202,287,0.9269203363808461
857,171,867,175,875,181,882,191,886,201,888,211,888,214,889,221,889,238,886,249,885,254,880,262,876,267,873,271,866,277,855,281,845,282,816,282,806,281,778,281,767,279,647,279,637,278,627,272,622,269,615,264,610,257,609,254,606,244,606,201,608,191,612,182,618,174,628,167,631,165,641,163,647,161,659,161,669,163,735,164,741,165,788,168,792,170,798,170,809,171,832,171,842,170,847,170,0.9332403354085771
318,46,449,60,449,58,521,57,531,58,552,63,559,58,568,54,578,51,590,50,674,54,854,53,858,54,882,57,892,58,902,64,910,71,914,81,916,87,917,94,919,104,905,155,901,165,895,174,886,180,876,184,870,185,854,187,844,185,838,184,823,178,748,170,748,171,556,165,555,165,533,170,518,175,508,178,500,180,371,175,367,174,292,164,282,161,273,157,266,148,261,140,260,134,254,103,254,91,257,78,263,67,269,58,277,51,288,47,295,46,311,44,0.8601886704127489
142,77,141,80,139,81,138,84,132,93,128,98,128,118,126,121,125,128,122,137,119,143,113,150,98,161,92,165,87,168,73,172,62,172,57,174,43,174,32,172,29,171,28,171,19,167,13,161,9,155,6,153,3,144,1,135,1,108,0,105,0,71,1,61,1,60,3,54,7,46,10,41,12,40,12,38,21,30,28,24,40,20,43,20,50,17,51,17,56,16,57,16,60,14,69,11,85,11,90,13,91,13,101,14,109,19,113,19,116,20,117,20,126,24,131,29,135,31,136,33,142,41,145,50,145,67,0.7393580924229874
