386,1316,388,1316,424,1322,753,1320,763,1323,770,1329,776,1334,777,1342,777,1353,776,1360,770,1367,767,1369,755,1374,748,1375,504,1375,329,1363,165,1362,158,1360,151,1355,148,1348,146,1337,146,1329,151,1322,157,1316,163,1313,169,1311,271,1311,0.8668445979366252
1089,1316,1162,1323,1224,1325,1228,1325,1250,1330,1257,1334,1263,1339,1263,1344,1264,1358,1264,1365,1259,1372,1250,1375,1233,1377,1226,1377,1217,1374,1153,1369,976,1360,816,1358,809,1356,803,1351,802,1346,800,1335,800,1327,802,1322,805,1315,812,1311,817,1309,883,1309,0.8620948928229387
737,1276,617,1276,614,1278,586,1278,583,1280,569,1280,562,1278,557,1275,551,1269,550,1262,550,1254,551,1247,555,1242,560,1236,567,1235,703,1235,706,1233,710,1233,838,1231,843,1231,850,1233,857,1236,863,1240,864,1249,864,1255,863,1262,857,1268,852,1271,845,1273,842,1273,838,1275,741,1275,0.8730287837032622
177,1217,181,1215,190,1217,367,1217,376,1219,445,1221,456,1222,464,1229,470,1235,475,1243,478,1254,478,1264,477,1269,473,1285,470,1295,463,1302,454,1306,445,1308,369,1304,365,1302,357,1304,350,1304,318,1301,210,1301,205,1302,99,1304,90,1302,80,1295,75,1290,70,1282,66,1275,64,1262,66,1252,70,1240,73,1231,80,1224,94,1219,130,1215,139,1215,148,1217,162,1215,170,1215,0.9084600218212902
504,1075,513,1078,522,1083,527,1090,530,1097,534,1108,534,1125,530,1130,529,1139,525,1149,520,1158,508,1163,497,1167,485,1169,440,1163,393,1162,384,1160,306,1158,296,1156,210,1158,191,1162,167,1162,157,1160,146,1153,141,1148,136,1139,132,1130,132,1123,134,1115,132,1111,132,1101,136,1090,139,1083,144,1076,153,1069,160,1068,170,1066,318,1066,322,1068,370,1068,381,1069,457,1069,0.9010426873266242
421,916,430,922,437,929,440,934,443,944,443,960,442,967,435,979,431,982,423,988,419,989,410,991,346,991,339,989,334,993,327,996,301,1005,224,1005,216,1007,174,1009,113,1017,99,1016,90,1012,83,1007,77,1000,73,986,71,984,70,976,70,949,73,941,80,934,85,930,97,927,113,925,153,925,179,922,181,922,224,920,233,918,259,918,268,916,271,916,278,915,289,915,297,916,301,915,310,915,323,918,327,920,330,918,334,918,341,915,353,911,379,911,388,913,409,913,0.8095057901216695
579,909,590,911,623,911,626,913,656,913,677,916,685,922,694,932,696,936,699,949,699,969,697,972,696,977,696,981,694,991,690,1000,685,1007,677,1014,668,1019,650,1019,640,1017,630,1017,619,1016,600,1016,595,1014,583,1014,572,1012,562,1012,551,1010,546,1010,536,1009,527,1009,517,1007,504,1007,494,1005,482,998,477,993,471,984,468,974,468,951,470,946,470,930,473,922,480,913,494,906,508,902,520,902,530,904,534,904,544,906,550,906,570,909,0.9109589831921908
572,857,718,859,727,861,741,875,741,883,739,902,737,909,732,916,722,918,609,920,518,913,515,913,426,897,134,896,123,894,118,890,113,883,111,875,111,869,113,862,120,854,129,849,137,847,310,850,414,847,445,850,478,847,482,847,0.837084054856016
593,826,548,824,544,823,503,823,496,821,313,819,306,817,301,810,297,803,296,798,301,789,306,784,311,781,317,779,320,777,353,777,360,779,362,779,369,777,370,779,383,779,388,777,390,779,391,777,409,777,416,779,515,779,522,781,560,781,567,783,623,784,630,786,638,791,643,796,645,803,643,807,643,812,642,817,638,824,631,828,626,829,623,828,600,828,0.8381669600934659
268,814,264,817,257,823,247,823,245,824,219,824,217,826,190,826,188,828,158,828,151,826,144,821,141,814,139,812,139,791,141,784,146,777,151,774,162,770,184,770,186,769,207,769,209,767,237,767,238,765,247,765,257,769,259,770,261,770,268,776,268,777,273,784,273,786,275,788,275,795,271,809,0.8356078422206747
640,703,647,704,668,711,675,715,680,723,682,729,683,737,680,746,675,751,670,755,649,762,640,763,591,760,412,762,343,765,268,774,259,772,254,770,153,770,146,769,141,767,123,767,113,763,99,755,92,749,89,736,89,727,90,720,96,715,104,708,111,704,117,703,336,706,336,708,362,703,365,701,548,699,0.8029701530091014
610,623,617,626,623,631,626,638,626,649,624,659,623,666,616,673,605,678,597,680,257,683,99,690,92,689,85,685,80,680,77,673,75,666,75,652,77,645,80,638,85,633,92,629,99,628,311,624,315,624,337,628,447,628,603,621,0.8781744831524109
216,483,223,485,228,487,230,489,233,496,233,497,235,501,235,511,233,516,231,523,230,529,228,530,221,534,177,534,170,532,139,532,132,530,118,530,111,529,108,529,101,527,96,525,90,520,87,513,87,501,89,494,92,483,94,482,101,478,113,478,120,480,134,480,141,482,210,482,0.8425279882177711
710,468,717,473,723,482,727,489,727,496,720,510,715,516,708,520,694,523,690,523,558,529,557,529,546,527,471,532,318,532,280,527,271,523,266,516,261,506,259,499,261,492,266,485,273,480,280,476,285,476,329,482,450,482,678,466,703,466,0.8609645337578997
214,407,583,409,603,410,610,414,616,421,619,430,621,436,617,443,614,447,609,450,600,454,170,454,103,449,96,447,90,442,87,436,83,428,83,416,85,409,90,403,97,400,113,398,117,398,0.8449966261629819
555,398,544,398,537,396,470,393,461,391,452,391,445,390,400,388,391,386,363,386,357,384,327,383,318,379,313,376,308,370,306,362,306,355,308,348,310,344,318,336,325,332,332,330,339,332,355,332,362,334,409,334,416,336,437,336,443,337,461,337,468,339,485,339,492,341,544,341,551,343,569,343,576,344,598,344,603,346,610,351,614,358,616,363,616,374,617,381,616,386,609,395,603,398,593,402,579,402,572,400,562,400,0.8969929104010265
212,332,217,334,224,337,226,339,230,348,230,351,228,358,224,363,217,367,212,370,209,369,205,370,123,370,115,367,111,363,110,363,106,358,104,353,104,351,108,343,111,339,111,337,113,336,122,332,125,332,129,330,130,330,134,332,184,332,188,330,190,330,193,332,195,330,205,330,0.8163971217652903
445,294,440,299,433,301,360,301,353,299,282,299,275,297,254,297,252,299,237,299,230,297,223,292,219,287,217,278,217,276,216,270,217,261,221,256,228,250,235,249,270,249,277,250,357,250,363,252,431,252,438,254,449,264,449,287,0.8500571773808682
205,263,207,268,207,270,205,275,205,285,203,292,200,297,198,299,188,304,183,306,181,306,174,304,144,304,137,303,125,303,118,301,101,301,94,299,90,297,85,294,83,292,80,285,78,280,78,276,77,273,77,270,78,263,82,257,83,254,87,250,94,247,99,245,130,245,137,247,151,247,158,249,176,249,181,247,183,247,186,249,190,247,197,250,202,256,0.8710738840561261
176,177,188,177,197,179,198,179,207,181,212,181,221,179,237,179,245,181,247,181,252,183,259,186,263,190,263,191,264,193,268,200,270,209,270,214,268,223,266,224,266,228,263,235,254,243,247,247,238,249,224,249,216,247,212,245,207,247,203,249,202,249,193,250,186,252,177,252,172,250,170,250,162,249,153,249,144,247,143,247,137,245,129,243,123,243,111,240,110,240,101,238,94,235,90,231,87,224,85,216,85,214,83,209,83,207,87,190,90,183,92,181,92,179,94,177,101,174,110,172,117,172,125,174,127,174,136,176,167,176,0.7494497143665537
367,170,376,172,388,172,397,174,402,174,410,176,414,176,423,177,430,177,438,179,464,179,473,181,487,181,496,183,503,188,506,191,511,198,513,207,513,223,511,228,511,231,510,240,504,247,499,252,496,254,485,256,480,256,463,252,461,252,452,250,445,250,437,249,419,249,410,247,397,247,388,245,374,245,365,243,360,243,351,242,315,242,306,240,303,238,297,235,290,228,287,221,287,195,289,186,294,179,299,174,306,169,315,167,337,167,355,170,0.8791399468903337
1223,174,1190,174,1181,176,1125,176,1117,177,1094,177,1087,179,1070,179,1061,177,1052,169,1050,165,1049,157,1049,153,1047,148,1049,144,1049,143,1050,134,1054,129,1057,125,1064,122,1068,122,1070,120,1078,118,1097,118,1104,117,1155,115,1163,113,1165,115,1170,113,1172,115,1177,113,1224,113,1231,111,1240,111,1249,110,1254,110,1261,111,1266,115,1271,120,1275,127,1277,132,1277,143,1275,151,1273,153,1271,158,1268,163,1263,169,1257,170,1254,172,1245,174,1238,172,1231,172,0.8307505424172383
883,104,887,103,941,103,946,104,951,104,962,106,972,113,977,118,983,129,988,143,990,174,988,184,988,186,984,196,981,203,976,212,967,219,955,223,943,224,932,224,918,223,910,224,883,221,877,223,866,221,812,219,807,217,797,216,757,214,750,212,727,207,720,207,677,202,656,203,643,202,633,198,631,196,630,196,614,186,605,179,600,169,598,162,597,150,597,132,598,122,605,113,605,111,614,103,621,97,630,92,640,90,704,89,717,90,718,90,725,92,734,99,737,103,741,103,748,104,753,106,769,106,781,103,791,101,800,103,817,101,828,103,873,103,0.8278451966503905
315,174,308,176,289,176,282,177,209,176,203,177,183,177,176,179,113,179,103,177,92,170,89,167,83,158,80,146,80,120,82,110,89,99,92,96,101,90,113,87,120,87,125,85,292,85,297,83,329,83,344,80,350,80,377,78,388,75,397,73,409,73,419,75,423,77,430,78,440,85,443,89,449,97,452,110,452,120,450,132,445,144,440,153,431,158,419,165,410,169,405,169,400,170,390,172,358,172,0.9132524847177498
494,158,475,158,466,157,463,155,454,150,449,143,449,141,447,139,445,129,445,110,447,101,452,92,454,89,461,83,463,82,470,77,473,77,475,75,485,73,497,73,508,71,527,71,548,68,553,68,563,66,572,68,576,70,584,75,590,82,590,83,591,85,593,94,595,99,595,101,597,111,597,120,595,129,591,134,586,143,579,148,576,148,574,150,563,151,548,151,537,153,534,153,523,155,515,155,0.8677128058432335
1259,49,1270,54,1275,59,1277,64,1280,68,1280,80,1278,87,1277,90,1271,96,1266,97,1263,101,1247,101,1240,99,1237,97,1197,97,1195,99,1146,99,1143,97,1103,97,1097,96,1096,97,1075,97,1068,96,1061,89,1057,82,1056,75,1056,66,1061,57,1061,56,1066,50,1075,47,1129,47,1132,49,1210,49,1212,47,1252,47,0.769996416095852
739,92,725,92,723,94,697,94,689,92,683,89,682,87,677,80,677,77,675,75,675,54,677,45,680,40,683,37,690,31,708,31,710,30,715,30,717,28,725,28,727,26,736,26,737,24,748,24,750,23,760,23,762,21,772,21,774,19,779,19,781,17,784,17,786,16,802,16,809,17,816,24,819,30,821,35,823,37,823,59,821,68,817,73,816,75,809,80,805,80,803,82,793,82,791,83,783,83,781,85,772,85,770,87,763,87,762,89,753,89,751,90,741,90,0.8887900650380595
1186,61,1181,59,1179,61,1174,64,1169,63,1162,66,1158,64,1155,66,1150,64,1146,66,1143,64,1139,66,1132,66,1125,64,1120,61,1118,59,1113,57,1110,52,1108,47,1106,43,1106,40,1108,33,1111,31,1118,26,1125,23,1193,23,1197,21,1224,21,1228,23,1256,23,1259,21,1261,21,1268,23,1273,26,1277,31,1278,37,1278,43,1277,47,1275,54,1271,56,1264,61,1259,64,1257,64,1250,63,1247,61,1242,59,1190,59,0.7198508909491242
