216,1219,253,1219,259,1217,296,1217,306,1219,315,1227,317,1229,322,1236,326,1247,326,1249,328,1257,328,1276,326,1285,319,1295,315,1298,308,1304,296,1308,244,1308,238,1310,202,1310,197,1312,174,1312,169,1314,144,1314,135,1312,126,1304,124,1302,118,1295,114,1283,114,1281,112,1278,112,1253,114,1244,122,1234,124,1232,131,1227,142,1223,144,1223,150,1221,210,1221,0.9292168429384486
692,1295,679,1295,566,1297,564,1298,491,1298,482,1297,472,1289,469,1283,467,1278,463,1272,463,1263,465,1251,467,1242,471,1234,478,1229,488,1225,518,1225,527,1227,557,1227,559,1225,611,1225,613,1223,662,1223,664,1221,737,1221,748,1223,752,1225,761,1234,763,1238,765,1249,765,1268,763,1278,759,1285,750,1291,746,1291,744,1293,694,1293,0.9202444936714349
744,944,731,940,728,938,720,932,716,927,712,919,709,906,709,900,707,893,707,885,709,876,716,864,722,857,731,853,737,851,746,849,786,849,797,847,833,847,844,845,909,844,919,842,938,842,949,840,958,840,969,842,981,849,988,855,992,864,992,866,994,868,996,879,996,895,994,904,988,913,984,917,977,923,968,927,960,929,943,929,932,930,902,930,892,932,857,934,846,936,833,936,821,938,797,938,786,940,774,940,752,944,0.9217138177297667
128,844,195,842,592,849,606,853,615,859,622,866,626,874,628,883,626,904,622,913,615,923,608,929,598,932,589,934,548,929,516,930,512,930,413,925,120,921,53,913,39,908,34,904,28,898,24,889,22,881,22,868,26,857,32,847,39,842,53,838,0.8800871310739384
1275,706,1273,708,1273,711,1269,719,1268,721,1260,725,1251,727,1249,727,1239,728,1238,728,1228,727,1211,727,1202,728,1185,728,1176,730,1172,730,1162,728,1151,723,1149,721,1146,713,1144,704,1144,702,1142,694,1142,672,1144,662,1148,655,1157,649,1159,649,1168,647,1179,647,1189,649,1251,649,1260,651,1268,655,1271,661,1275,668,1277,678,1277,696,0.8949931148322708
799,691,797,685,797,683,795,679,795,676,797,670,801,661,802,659,806,657,816,653,849,653,853,655,861,657,862,661,864,662,868,672,870,676,870,683,868,685,866,691,861,694,851,698,833,698,827,700,814,700,802,696,0.7882360076904297
189,647,204,647,214,645,229,645,240,649,246,653,251,659,255,670,255,679,257,689,255,696,251,702,248,706,240,710,232,711,223,713,216,711,114,711,105,710,64,710,54,708,53,706,49,706,41,698,38,693,34,681,34,668,36,659,39,653,43,649,51,644,96,644,105,645,182,645,0.8935609922005944
669,647,684,655,686,666,686,676,684,685,681,691,673,696,669,698,662,700,641,700,636,698,413,698,411,696,409,698,401,698,396,696,388,694,381,691,379,681,377,678,377,670,381,659,381,655,388,647,392,645,399,644,594,645,598,647,600,645,662,645,0.9018425582304145
1080,681,1078,683,1078,685,1076,687,1076,689,1072,694,1063,700,1061,702,1050,702,1041,700,1028,700,1018,698,1005,698,996,696,969,696,960,694,952,693,947,689,941,679,941,649,943,640,947,634,949,632,956,627,990,627,999,628,1024,628,1033,630,1054,630,1063,632,1065,634,1067,634,1072,638,1074,640,1080,647,1080,653,1082,655,1082,672,0.8692360879345373
851,521,849,532,844,542,836,547,825,553,772,553,761,551,724,551,712,549,696,549,684,547,669,547,658,545,649,545,638,544,628,544,617,542,606,542,583,538,572,530,562,523,559,513,557,504,557,476,559,464,561,460,561,459,566,449,576,442,579,440,591,436,602,438,608,438,619,440,621,440,632,442,668,443,677,445,703,445,714,447,729,447,741,449,763,449,774,451,797,451,808,453,818,453,829,455,838,460,847,474,851,483,853,493,853,513,0.930524499752288
1472,438,1479,443,1485,451,1491,470,1491,479,1489,487,1485,496,1481,504,1474,508,1464,510,1129,519,979,519,969,517,956,511,949,506,945,500,941,491,939,481,941,472,945,462,949,455,956,451,966,449,1322,447,1404,442,1442,436,1462,436,0.9151741007955734
405,360,413,372,422,379,429,393,431,404,433,408,437,421,437,464,435,479,427,494,424,500,414,511,401,521,388,525,373,527,349,527,309,519,199,515,191,515,180,513,178,513,163,511,129,511,114,510,98,510,82,508,81,508,58,506,45,504,30,496,21,489,15,483,6,472,0,459,0,440,0,374,2,359,8,345,17,334,22,328,34,319,47,313,64,311,88,311,129,317,246,326,257,328,272,332,306,332,321,334,341,338,343,340,366,342,379,345,394,353,0.941418361383656
