931,2099,915,2122,905,2132,888,2145,865,2152,851,2155,472,2152,452,2155,343,2155,323,2158,309,2158,283,2149,256,2135,243,2116,236,2103,233,2093,230,2073,233,2050,233,2033,230,2027,230,1994,239,1971,256,1938,276,1925,299,1918,316,1915,336,1912,343,1912,349,1915,363,1912,649,1912,659,1915,775,1915,788,1912,851,1912,875,1915,895,1925,905,1931,921,1948,931,1964,938,1994,938,2079,0.9433030586132259
2019,1668,2335,1665,2355,1668,2378,1678,2388,1685,2405,1698,2415,1718,2421,1750,2418,1823,2415,1846,2405,1866,2388,1879,2375,1889,2368,1892,2348,1899,1982,1899,1477,1889,1454,1885,1434,1875,1417,1862,1407,1843,1400,1816,1397,1757,1400,1737,1407,1708,1414,1688,1427,1668,1447,1655,1467,1648,1483,1648,0.9287806722646139
994,1612,1018,1616,1041,1616,1064,1619,1078,1619,1101,1622,1161,1622,1184,1625,1187,1625,1211,1629,1231,1639,1241,1645,1247,1652,1261,1671,1267,1691,1267,1721,1264,1734,1264,1747,1261,1760,1261,1764,1264,1777,1264,1800,1257,1820,1247,1839,1221,1859,1204,1869,1177,1872,1171,1872,1148,1869,1101,1869,1078,1866,1048,1866,1024,1862,1004,1862,981,1859,968,1859,945,1856,915,1856,891,1852,871,1849,851,1839,842,1833,838,1829,825,1810,818,1790,818,1750,822,1727,822,1698,825,1685,828,1662,838,1642,845,1632,848,1629,868,1616,885,1609,898,1606,918,1606,965,1612,0.9479209393640373
496,1849,316,1849,293,1852,273,1852,249,1849,226,1839,220,1836,203,1823,193,1813,186,1803,176,1780,173,1754,173,1652,176,1629,186,1606,200,1589,210,1579,220,1573,243,1563,269,1560,289,1560,313,1563,419,1563,442,1566,486,1566,509,1569,589,1569,612,1573,625,1573,649,1576,665,1583,672,1586,692,1599,705,1616,715,1639,718,1662,718,1764,715,1787,705,1810,669,1846,645,1852,625,1856,599,1856,575,1852,519,1852,0.9546967650211985
2192,1310,2215,1316,2235,1329,2248,1346,2258,1369,2262,1385,2265,1428,2262,1454,2262,1461,2258,1491,2255,1500,2245,1520,2228,1537,2212,1546,2185,1560,2165,1560,1700,1546,1640,1550,1633,1550,1543,1546,1497,1553,1473,1553,1450,1543,1444,1540,1424,1527,1407,1510,1400,1487,1397,1471,1394,1382,1397,1352,1400,1342,1410,1323,1427,1306,1447,1293,1473,1287,1500,1283,1543,1283,1903,1296,1909,1293,1936,1293,1986,1300,2066,1300,2115,1303,2149,1303,0.9382541300660152
329,1181,432,1194,432,1191,542,1194,559,1198,682,1227,738,1237,738,1234,1177,1270,1201,1277,1227,1287,1251,1296,1267,1316,1281,1336,1287,1362,1291,1415,1287,1441,1284,1454,1277,1471,1264,1491,1247,1507,1227,1520,1197,1527,1124,1530,1111,1530,998,1517,682,1500,675,1500,479,1481,283,1477,256,1474,236,1464,216,1448,200,1421,193,1405,186,1372,186,1270,190,1247,200,1224,216,1204,236,1191,269,1181,313,1178,0.9390901604225536
2448,1129,2445,1135,2431,1152,2411,1168,2405,1171,2381,1178,2368,1181,2152,1181,2135,1185,2102,1185,2085,1181,2075,1185,2026,1185,2002,1181,1982,1171,1969,1161,1966,1158,1952,1138,1946,1119,1942,1102,1942,997,1946,974,1956,954,1972,938,1992,925,2002,921,2016,918,2032,915,2059,915,2082,918,2199,918,2222,921,2362,925,2372,928,2375,928,2398,931,2425,948,2431,954,2445,974,2448,994,2448,1010,2448,1099,0.9452039585833293
1819,1171,1799,1178,1760,1178,1750,1181,1716,1181,1706,1185,1693,1185,1683,1188,1673,1188,1663,1191,1640,1191,1623,1188,1613,1185,1590,1175,1577,1161,1563,1142,1557,1122,1557,1099,1553,1092,1553,1059,1550,1053,1550,1033,1547,1023,1547,1010,1543,1004,1543,944,1547,938,1547,934,1557,915,1573,898,1583,892,1600,882,1620,872,1636,872,1646,869,1670,869,1680,865,1713,865,1723,862,1796,862,1816,872,1833,888,1846,908,1846,911,1853,931,1853,981,1856,990,1856,1000,1859,1010,1859,1017,1863,1027,1863,1036,1866,1046,1869,1059,1869,1115,1859,1135,1849,1148,1839,1158,0.9381143653861731
732,859,738,859,868,875,1344,888,1367,892,1387,902,1407,918,1420,938,1427,961,1427,1066,1424,1089,1414,1112,1404,1129,1397,1135,1377,1148,1354,1158,1264,1158,1167,1148,888,1138,881,1138,765,1125,346,1119,319,1115,299,1106,283,1096,273,1086,259,1066,249,1043,249,944,253,921,263,895,269,885,286,869,306,855,329,849,346,849,0.9424973293054435
1666,734,1600,734,1577,730,1553,721,1533,707,1517,688,1510,665,1507,648,1503,592,1503,566,1507,559,1507,553,1510,520,1517,497,1527,474,1543,457,1567,444,1597,438,1640,434,1656,434,1849,454,1866,451,2162,474,2272,477,2295,480,2312,487,2325,494,2345,507,2362,526,2372,546,2375,579,2372,635,2375,658,2372,684,2365,701,2358,714,2345,734,2325,750,2305,760,2272,763,2099,760,2092,760,2049,757,2032,757,1879,747,1849,747,0.9594993487346505
1360,424,1364,428,1377,447,1384,474,1390,497,1394,517,1394,599,1390,605,1390,619,1387,642,1377,665,1370,675,1360,691,1350,701,1330,714,1320,717,1297,724,1281,727,1148,727,1124,724,1104,714,1088,704,1078,694,1058,655,1058,642,1054,632,1054,628,1058,605,1058,540,1054,530,1054,497,1058,474,1061,467,1061,464,1071,444,1088,424,1094,421,1108,411,1118,408,1124,405,1131,405,1141,401,1157,398,1294,398,1317,401,1344,415,0.9198474673677421
509,359,522,365,592,369,629,369,655,372,665,375,792,382,818,385,842,395,861,408,871,418,885,441,895,464,901,490,901,553,898,579,895,586,891,605,888,628,875,651,868,661,851,681,832,694,818,701,808,704,775,711,748,711,722,707,718,707,692,704,688,704,662,701,625,701,599,698,589,698,562,694,552,691,456,688,409,688,382,684,379,684,369,681,299,678,273,675,249,665,230,648,220,635,213,625,200,602,193,569,193,549,196,523,196,510,200,484,200,447,203,434,213,408,230,388,256,369,269,362,296,352,316,349,356,349,382,352,386,352,412,355,482,355,0.9514599652260487
