917,901,916,904,916,905,917,913,917,916,916,922,915,929,910,936,904,942,896,946,893,946,887,948,861,948,852,946,846,946,840,948,801,948,793,946,791,946,787,945,780,941,774,935,769,926,769,920,768,916,768,913,766,910,766,901,765,898,765,886,766,878,772,867,775,864,782,860,784,860,785,858,797,855,814,855,823,857,884,857,893,858,894,860,897,860,907,866,909,867,913,875,917,892,0.9199598953743611
984,942,978,942,970,941,968,941,964,939,957,935,951,929,946,920,946,914,945,910,945,882,946,873,951,866,960,858,962,857,974,854,994,854,997,855,1003,855,1009,854,1067,854,1073,853,1113,853,1118,851,1134,851,1145,854,1148,855,1155,860,1160,867,1163,879,1163,891,1161,900,1161,910,1160,919,1155,926,1147,933,1144,935,1132,938,1070,938,1064,939,1023,939,1019,941,990,941,0.9363278037491903
150,942,141,941,129,933,126,930,120,923,118,913,116,898,116,892,118,879,120,870,125,861,135,854,142,851,154,850,420,850,482,847,495,850,501,853,508,858,514,866,517,875,517,910,515,919,508,930,505,933,498,939,489,942,483,942,393,939,274,939,224,942,0.9504319496801733
775,883,775,886,772,895,771,902,765,910,764,911,758,916,752,919,745,920,743,920,735,923,730,922,724,923,720,922,711,922,697,919,692,919,685,917,660,917,653,916,633,916,626,914,623,914,615,913,607,907,601,901,598,895,597,889,597,886,595,882,595,867,597,860,601,853,610,847,617,844,621,842,649,842,658,844,665,844,672,845,676,845,684,847,690,847,697,848,701,848,708,850,711,850,719,851,723,851,730,853,732,853,739,854,745,855,746,855,753,857,755,858,758,858,765,863,769,869,772,875,0.8542944449738659
521,349,525,351,530,355,530,357,534,361,534,376,533,382,533,384,531,390,521,401,520,401,518,402,517,402,515,404,510,404,507,402,498,402,492,401,483,392,483,387,482,386,482,365,483,360,485,358,485,357,489,352,494,351,496,348,518,348,0.7985805391920784
406,333,408,340,406,345,406,354,408,361,408,365,406,373,405,374,405,376,402,380,401,382,395,384,389,386,377,386,370,387,364,386,363,386,356,384,351,380,347,374,347,371,345,367,345,349,344,345,344,333,345,326,350,321,356,317,359,317,364,315,379,315,386,317,389,317,396,318,401,321,402,323,406,332,0.8764330135054992
685,395,666,395,660,396,650,396,642,395,634,390,627,383,624,379,621,371,620,364,620,352,618,346,618,332,620,323,627,313,630,310,637,304,649,301,666,301,672,299,739,299,748,301,755,305,762,313,765,320,768,332,768,361,766,370,759,380,756,383,749,389,737,392,736,392,732,393,691,393,0.9224117371092296
1003,304,1012,308,1013,310,1018,317,1018,320,1019,321,1020,330,1020,349,1019,357,1015,365,1013,367,1006,371,1002,373,1000,373,991,374,977,374,968,376,958,376,949,377,942,377,933,379,922,379,913,380,906,380,897,382,878,382,871,380,864,376,858,367,854,360,854,349,852,343,852,336,854,329,858,320,861,317,868,313,877,311,880,311,888,310,901,310,910,308,920,308,929,307,936,307,945,305,958,305,967,304,974,304,983,302,996,302,0.9282122588208044
454,238,450,247,443,251,425,251,418,249,377,249,370,248,345,248,338,247,332,244,328,236,328,232,327,227,327,213,328,205,330,204,330,201,332,195,340,191,345,191,353,189,360,191,405,191,412,192,437,192,444,194,450,197,454,204,454,205,456,213,456,230,0.9082235018467615
904,276,881,276,872,274,864,270,856,264,852,255,849,248,849,232,851,223,851,205,852,197,854,194,854,192,858,183,861,179,862,178,870,172,878,169,955,169,964,170,977,170,981,169,989,169,997,170,999,172,1003,172,1012,176,1019,182,1019,183,1023,189,1026,198,1026,208,1025,211,1025,223,1026,229,1026,239,1022,251,1018,258,1012,266,1003,270,991,273,967,273,962,274,909,274,0.9424172616227534
620,169,626,173,630,178,633,182,636,189,637,195,637,198,639,205,639,210,640,214,640,219,639,227,633,236,627,242,620,245,614,247,608,247,602,248,600,248,594,249,588,249,582,251,575,251,569,252,565,252,559,254,553,254,547,255,544,255,539,257,527,257,518,255,512,251,507,245,504,233,504,232,502,229,502,223,501,220,501,214,499,211,499,204,501,195,507,188,508,186,514,182,524,179,530,179,534,178,541,178,546,176,549,176,553,175,557,175,562,173,569,173,573,172,579,172,584,170,586,170,591,169,595,169,600,167,611,167,0.9190733119473893
726,244,705,244,698,242,697,241,695,241,688,236,684,229,681,220,681,192,682,185,687,178,694,173,707,169,729,169,732,167,762,167,766,166,774,166,781,167,782,169,784,169,791,173,795,180,798,189,798,192,800,198,800,214,798,219,797,226,793,233,785,238,781,239,774,242,730,242,0.8949246461166761
1385,205,1385,232,1383,242,1379,251,1369,261,1362,267,1356,270,1351,271,1349,273,1347,273,1337,276,1325,279,1317,280,1306,280,1298,282,1296,282,1288,283,1282,283,1276,285,1263,285,1253,283,1244,279,1237,271,1231,264,1228,254,1227,248,1227,241,1228,230,1230,222,1231,219,1231,217,1232,213,1232,205,1231,201,1231,194,1232,183,1235,173,1243,163,1244,161,1251,156,1261,153,1267,151,1289,151,1293,153,1312,153,1322,154,1328,154,1338,156,1346,156,1356,157,1357,158,1362,158,1370,163,1376,169,1382,176,1385,186,1386,192,1386,201,0.8046033212236043
1189,150,1200,156,1202,157,1206,164,1208,175,1208,208,1206,217,1205,222,1202,229,1199,230,1198,232,1190,236,1180,238,1138,238,1121,235,1112,230,1109,227,1105,220,1103,210,1103,205,1105,197,1105,194,1106,185,1106,173,1108,164,1112,156,1113,154,1121,150,1125,150,1126,148,1137,147,1145,147,1154,148,1180,148,0.8966206926234225
1373,79,1372,87,1370,88,1370,90,1367,94,1366,95,1360,98,1354,100,1347,100,1340,98,1328,98,1321,97,1315,91,1312,85,1311,79,1311,69,1309,63,1309,53,1311,45,1314,41,1317,38,1322,35,1330,34,1354,34,1362,35,1363,37,1365,37,1369,41,1372,47,1373,51,1373,54,1375,60,1375,75,0.8462730875514062
576,53,578,63,578,65,579,75,579,82,581,92,581,103,579,113,576,120,575,123,568,134,563,138,555,145,546,148,543,148,540,150,533,151,531,151,524,153,523,153,518,154,515,154,505,156,504,156,483,158,482,158,472,160,469,160,459,161,446,161,435,160,425,156,418,150,415,147,408,136,406,134,402,123,402,87,401,78,401,72,402,62,402,60,404,54,408,44,414,37,417,34,425,26,431,23,433,22,444,18,449,18,450,16,454,15,457,15,460,13,469,12,473,12,476,10,485,9,491,7,498,7,499,6,508,4,510,4,520,3,530,3,540,4,547,7,550,9,559,15,568,26,570,32,575,43,575,47,0.8854622557459765
1047,79,1045,81,1044,87,1042,90,1036,98,1031,103,1029,104,1020,112,1009,116,1000,120,997,120,989,123,987,123,984,125,975,125,973,126,960,126,957,128,949,128,941,131,929,132,919,136,910,138,903,141,885,147,874,153,864,157,856,158,851,161,840,161,830,160,827,158,826,158,820,157,817,156,809,150,800,138,798,135,795,126,795,85,797,76,797,66,798,56,800,51,804,41,811,34,820,28,823,28,825,26,833,22,839,22,855,21,861,19,871,18,880,16,887,16,893,13,906,12,909,10,916,10,919,9,928,9,930,7,945,7,949,6,957,6,961,3,967,3,980,1,984,0,1010,0,1018,3,1020,4,1029,10,1036,19,1041,26,1045,41,1045,44,1048,50,1048,69,0.859436528238755
360,12,361,12,370,13,376,18,382,23,383,28,386,38,386,53,385,59,385,66,386,72,386,73,385,82,385,88,383,97,377,104,376,106,370,110,360,113,328,113,319,112,318,112,314,110,306,104,305,103,300,97,298,87,298,68,299,59,299,37,300,28,302,26,302,25,306,19,312,13,324,10,353,10,0.9169254265254057
620,28,626,16,629,13,636,9,649,6,694,6,700,4,716,4,724,6,733,10,739,16,740,22,742,23,745,37,745,76,743,85,737,97,736,98,729,103,716,106,708,107,675,107,668,109,647,109,639,107,630,103,624,97,624,94,621,91,618,78,618,37,0.9288703068139311
1228,78,1224,85,1222,87,1215,91,1206,94,1174,94,1166,92,1138,92,1121,90,1109,84,1106,81,1102,73,1099,60,1099,53,1100,44,1100,23,1102,15,1108,3,1113,0,1122,0,1129,0,1202,0,1211,0,1222,0,1224,1,1228,9,1231,22,1231,70,0.9192650350359615
