540,2262,552,2279,556,2295,560,2315,556,2323,556,2327,552,2348,548,2352,548,2356,544,2360,544,2364,524,2385,508,2397,492,2401,427,2401,407,2397,387,2397,367,2393,363,2393,343,2389,331,2385,315,2372,306,2356,302,2340,298,2327,298,2299,302,2279,306,2262,327,2242,343,2230,359,2226,375,2226,395,2230,423,2230,444,2234,452,2234,472,2238,484,2238,524,2246,0.863762794970772
1081,2319,1069,2332,1052,2336,1040,2340,927,2340,915,2344,831,2344,819,2348,750,2348,738,2352,685,2352,673,2356,653,2356,637,2360,629,2356,621,2356,605,2352,593,2340,585,2327,577,2307,577,2295,581,2279,585,2274,585,2266,601,2250,609,2246,625,2242,649,2242,661,2238,734,2238,746,2234,794,2234,810,2230,996,2230,1008,2226,1044,2226,1060,2230,1077,2246,1085,2258,1089,2270,1089,2303,0.8781720351323523
3601,2323,3456,2323,3448,2319,3423,2319,3415,2323,3315,2323,3298,2319,3290,2311,3282,2311,3270,2299,3266,2283,3266,2266,3270,2250,3274,2242,3278,2238,3294,2230,3302,2230,3310,2226,3387,2226,3395,2221,3661,2221,3677,2226,3690,2234,3702,2246,3706,2262,3706,2295,3702,2311,3698,2319,3694,2323,3677,2332,3645,2332,3629,2327,3617,2327,0.8065584909203833
1685,2209,1694,2205,1706,2205,1726,2213,1730,2217,1738,2238,1738,2254,1734,2270,1726,2283,1714,2291,1702,2295,1681,2295,1669,2299,1629,2299,1617,2303,1597,2303,1585,2307,1573,2307,1560,2311,1544,2311,1532,2315,1504,2315,1492,2319,1472,2319,1460,2323,1444,2323,1431,2327,1415,2327,1403,2332,1375,2332,1363,2336,1351,2336,1343,2340,1327,2336,1302,2327,1298,2323,1290,2303,1290,2279,1294,2262,1306,2254,1319,2250,1323,2250,1331,2246,1379,2246,1387,2242,1403,2242,1411,2238,1435,2238,1444,2234,1472,2234,1480,2230,1508,2230,1516,2226,1524,2226,1532,2221,1565,2221,1573,2217,1597,2217,1605,2213,1641,2213,1649,2209,1665,2209,1669,2205,1677,2205,0.7924861702206296
2875,2205,2891,2221,2887,2234,2875,2246,2859,2250,2851,2254,2847,2254,2839,2258,2774,2258,2766,2262,2694,2262,2685,2266,2617,2266,2609,2270,2512,2270,2508,2274,2496,2270,2492,2274,2419,2274,2411,2279,2375,2279,2371,2283,2355,2279,2343,2270,2335,2262,2335,2238,2339,2226,2355,2217,2363,2217,2367,2213,2476,2213,2480,2209,2544,2209,2548,2205,2560,2209,2565,2205,2653,2205,2657,2201,2665,2205,2673,2205,2677,2201,2734,2201,2738,2197,2742,2201,2746,2197,2754,2201,2758,2197,2863,2197,0.7989861180434874
1839,2238,1843,2234,1851,2234,1851,2230,1863,2226,1875,2226,1887,2221,1940,2221,1952,2217,2020,2217,2032,2213,2065,2213,2077,2209,2101,2209,2113,2205,2141,2205,2153,2201,2214,2201,2226,2205,2230,2217,2230,2226,2226,2238,2218,2246,2206,2250,2169,2250,2157,2254,2109,2254,2097,2258,2089,2258,2077,2262,2056,2262,2044,2266,2012,2266,2000,2270,1940,2270,1927,2274,1903,2274,1891,2279,1855,2279,1843,2274,1839,2270,1835,2258,1835,2250,0.7244658363805272
3395,2177,3395,2189,3391,2205,3387,2209,3371,2213,3327,2213,3310,2217,3298,2217,3286,2221,3194,2221,3177,2226,3109,2226,3093,2230,3056,2230,3044,2226,3036,2217,3036,2213,3032,2205,3032,2193,3040,2181,3065,2164,3093,2164,3109,2160,3173,2160,3190,2156,3242,2156,3258,2152,3266,2152,3278,2148,3315,2148,3331,2144,3363,2144,3371,2148,3383,2152,3391,2160,0.7683796237534402
270,2205,262,2201,246,2189,234,2177,230,2156,226,2152,226,2107,230,2087,238,2071,254,2062,258,2062,262,2058,294,2058,315,2062,367,2062,371,2058,403,2058,407,2054,423,2054,427,2050,472,2050,476,2046,512,2046,516,2042,552,2042,556,2038,593,2038,597,2034,617,2034,637,2038,641,2042,649,2042,665,2050,673,2067,673,2071,677,2075,677,2128,673,2148,669,2152,669,2156,661,2173,645,2181,637,2181,633,2185,573,2185,569,2189,508,2189,504,2193,484,2193,480,2197,452,2197,448,2201,411,2201,407,2205,375,2205,371,2209,290,2209,0.8608664403791013
1190,2160,1161,2160,1153,2156,1141,2160,1081,2160,1065,2164,940,2168,923,2173,835,2173,815,2168,794,2152,786,2140,778,2111,778,2079,786,2050,794,2038,810,2026,827,2018,911,2018,927,2014,1036,2014,1052,2010,1181,2010,1198,2005,1399,2005,1419,2010,1435,2022,1444,2038,1448,2050,1452,2067,1452,2099,1448,2120,1444,2128,1431,2144,1419,2152,1411,2156,1391,2160,1327,2160,1306,2156,1206,2156,0.8798622223251458
2347,2058,2258,2058,2190,2067,2032,2062,1875,2067,1859,2062,1851,2050,1843,2034,1839,2018,1851,1993,1859,1981,1875,1977,2214,1981,2238,1973,2246,1973,2597,1961,2706,1965,2794,1961,2806,1965,2815,1969,2831,1985,2839,1997,2839,2014,2835,2022,2823,2038,2810,2046,2798,2050,2722,2054,2710,2050,2391,2050,0.7974784511624208
1754,2034,1742,2046,1730,2054,1722,2058,1710,2062,1681,2062,1669,2067,1641,2067,1617,2075,1589,2075,1573,2071,1560,2058,1552,2038,1552,2034,1548,2026,1548,1993,1552,1977,1556,1973,1556,1969,1569,1957,1581,1952,1585,1948,1597,1944,1629,1944,1645,1940,1649,1944,1661,1940,1681,1940,1694,1936,1722,1936,1738,1940,1750,1952,1758,1973,1758,1989,1762,1997,1762,2010,0.8441628878936172
3835,1891,3847,1895,3859,1908,3867,1928,3867,1948,3863,1965,3855,1977,3843,1985,3835,1985,3569,1977,3516,1985,3375,1985,3153,2001,3117,2010,3101,2010,3093,2005,2968,2030,2960,2030,2919,2026,2907,2022,2895,2010,2895,1981,2899,1965,2911,1952,2923,1944,2960,1936,2968,1936,3036,1932,3077,1920,3085,1920,3173,1916,3246,1904,3516,1895,3581,1887,3758,1891,3762,1887,3798,1887,0.8605146660092621
1609,1871,1569,1871,1556,1875,1552,1875,1548,1871,1540,1875,1435,1875,1427,1871,1407,1871,1395,1863,1395,1859,1391,1859,1383,1846,1379,1834,1379,1818,1387,1798,1387,1793,1399,1785,1411,1781,1645,1781,1665,1789,1677,1793,1681,1802,1685,1806,1694,1818,1694,1834,1685,1846,1681,1851,1669,1859,1665,1859,1653,1867,1621,1867,0.7391977203103294
1976,1777,2044,1777,2052,1781,2097,1781,2105,1777,2125,1777,2133,1773,2181,1773,2190,1777,2202,1773,2327,1773,2335,1777,2379,1781,2391,1785,2403,1806,2407,1826,2407,1838,2387,1859,2363,1867,2335,1867,2327,1863,2282,1863,2274,1859,2226,1859,2218,1863,2206,1859,2198,1863,1790,1863,1782,1867,1766,1863,1750,1867,1726,1859,1714,1851,1706,1830,1706,1818,1710,1806,1714,1798,1726,1785,1742,1777,1754,1773,1766,1773,1774,1769,1903,1769,1911,1773,1972,1773,0.7960911173269218
1218,1745,1238,1749,1262,1761,1274,1773,1286,1789,1286,1842,1282,1863,1274,1879,1262,1891,1246,1899,1226,1904,948,1904,923,1895,907,1904,891,1908,863,1912,847,1912,835,1908,778,1920,770,1920,673,1924,617,1936,544,1936,391,1961,282,1993,242,1993,222,1989,206,1981,198,1965,185,1936,181,1916,181,1887,185,1867,194,1851,202,1842,218,1834,230,1830,496,1789,500,1789,685,1777,806,1761,819,1761,867,1769,887,1777,891,1781,903,1781,907,1773,931,1753,964,1740,1181,1740,0.8199320287011438
3504,1683,3520,1688,3528,1700,3540,1720,3544,1736,3544,1745,3540,1761,3528,1777,3520,1781,3508,1781,3069,1822,2806,1855,2496,1871,2476,1867,2456,1855,2444,1842,2440,1826,2440,1818,2444,1802,2452,1789,2464,1781,2476,1777,2532,1765,2540,1765,2887,1745,2944,1732,2948,1732,3181,1716,3464,1679,3472,1679,0.8569408798256059
